500
498
497
497
496
495
493
491
490
490
488
488
484
484
482
482
482
479
479
478
478
475
475
475
474
474
473
472
472
472
470
470
468
467
467
463
462
460
459
456
455
453
453
452
451
449
449
448
448
447
446
445
445
443
442
442
441
441
441
441
440
440
440
438
437
436
435
434
433
431
430
428
427
425
424
420
417
414
413
413
413
413
412
412
409
405
401
401
401
401
398
397
395
393
393
392
390
390
390
389
388
386
386
385
384
384
382
382
381
379
379
377
376
374
374
373
373
373
373
372
370
369
369
368
367
367
366
366
365
362
360
359
359
357
356
353
352
350
349
349
348
348
346
345
344
343
343
343
342
342
338
338
337
337
336
335
334
333
332
332
331
330
330
329
328
327
327
327
325
325
323
321
321
320
318
317
316
311
311
310
309
308
306
305
305
304
304
302
301
301
301
299
299
298
298
296
296
295
295
292
291
290
290
289
288
287
287
285
284
283
283
282
281
281
279
279
277
276
276
276
276
275
274
274
274
273
272
271
271
270
270
267
264
263
260
260
259
259
258
257
256
255
252
250
249
248
248
248
246
244
243
242
242
239
239
236
236
235
234
234
234
232
232
232
231
229
229
226
224
222
220
219
216
216
216
216
216
216
216
214
214
210
208
208
206
206
205
205
204
204
202
202
199
197
195
194
194
194
194
193
191
191
189
186
185
185
185
183
181
181
176
174
174
173
173
172
169
166
165
161
161
161
161
160
160
159
157
153
152
151
150
150
148
146
142
142
142
142
142
140
138
137
136
136
135
135
135
135
135
134
134
133
128
127
127
126
126
126
125
125
124
123
122
122
121
121
120
119
119
117
117
117
116
115
114
112
112
112
112
111
111
110
109
109
108
108
108
107
104
102
101
101
98
98
97
97
97
95
93
91
87
85
84
84
83
83
82
81
81
80
80
79
79
78
78
73
71
71
71
70
67
67
65
64
63
61
61
58
57
57
57
56
55
54
52
52
51
51
50
50
49
49
48
47
47
47
46
44
43
41
41
40
40
40
38
37
37
36
36
36
35
35
35
34
34
33
32
32
31
31
30
30
29
29
29
29
28
27
25
25
24
23
22
20
16
16
16
15
13
12
10
9
7
5
4
3
3
1
1
0
