0
1
1
3
3
4
5
7
9
10
12
13
15
16
16
16
20
22
23
24
25
25
27
28
29
29
29
29
30
30
31
31
32
32
33
34
34
35
35
35
36
36
36
37
37
38
40
40
40
41
41
43
44
46
47
47
47
48
49
49
50
50
51
51
52
52
54
55
56
57
57
57
58
61
61
63
64
65
67
67
70
71
71
71
73
78
78
79
79
80
80
81
81
82
83
83
84
84
85
87
91
93
95
97
97
97
98
98
101
101
102
104
107
108
108
108
109
109
110
111
111
112
112
112
112
114
115
116
117
117
117
119
119
120
121
121
122
122
123
124
125
125
126
126
126
127
127
128
133
134
134
135
135
135
135
135
136
136
137
138
140
142
142
142
142
142
146
148
150
150
151
152
153
157
159
160
160
161
161
161
161
165
166
169
172
173
173
174
174
176
181
181
183
185
185
185
186
189
191
191
193
194
194
194
194
195
197
199
202
202
204
204
205
205
206
206
208
208
210
214
214
216
216
216
216
216
216
216
219
220
222
224
226
229
229
231
232
232
232
234
234
234
235
236
236
239
239
242
242
243
244
246
248
248
248
249
250
252
255
256
257
258
259
259
260
260
263
264
267
270
270
271
271
272
273
274
274
274
275
276
276
276
276
277
279
279
281
281
282
283
283
284
285
287
287
288
289
290
290
291
292
295
295
296
296
298
298
299
299
301
301
301
302
304
304
305
305
306
308
309
310
311
311
316
317
318
320
321
321
323
325
325
327
327
327
328
329
330
330
331
332
332
333
334
335
336
337
337
338
338
342
342
343
343
343
344
345
346
348
348
349
349
350
352
353
356
357
359
359
360
362
365
366
366
367
367
368
369
369
370
372
373
373
373
373
374
374
376
377
379
379
381
382
382
384
384
385
386
386
388
389
390
390
390
392
393
393
395
397
398
401
401
401
401
405
409
412
412
413
413
413
413
414
417
420
424
425
427
428
430
431
433
434
435
436
437
438
440
440
440
441
441
441
441
442
442
443
445
445
446
447
448
448
449
449
451
452
453
453
455
456
459
460
462
463
467
467
468
470
470
472
472
472
473
474
474
475
475
475
478
478
479
479
482
482
482
484
484
488
488
490
490
491
493
495
496
497
497
498
500
