4404
1746
4144
2172
1085
2859
563
2001
3027
2334
1292
3589
4450
2478
4333
64
4543
2452
848
1100
2166
945
876
4532
1273
2231
2308
4954
1725
2808
1667
2162
4140
4002
2057
416
756
3469
2266
361
29
2732
1071
2145
1323
3619
4519
3503
4594
79
916
616
1221
4469
295
3024
4771
4526
1213
3520
1044
342
2525
2987
326
2931
1720
2044
842
2897
4586
3329
1266
1939
1331
1450
3377
203
1469
2721
3372
2032
2185
1304
885
3133
317
3855
1822
1634
3770
2864
2500
1864
1826
193
1582
3264
2689
2282
568
2286
2876
4173
3274
4392
2712
226
944
2139
1462
4756
2174
313
888
4887
3559
2831
2569
3574
4966
4189
947
3155
4723
1557
2086
363
3572
13
4259
4410
1614
2983
3533
573
2704
2571
1020
2460
4154
2533
3345
2672
3296
2422
4541
1042
1571
3444
3105
1425
4662
2465
3326
4488
3
2489
2350
1721
3521
4751
4969
2639
3809
3619
3622
1750
4187
3876
1390
694
2324
4222
2745
765
1924
2542
1840
1631
1207
200
378
2005
3892
596
3730
3395
4715
1592
3145
4049
3273
1998
1208
45
873
3482
1792
1440
4243
3805
411
4566
2041
994
3739
1092
3806
4351
4578
4877
2599
3625
4135
3495
4488
3652
1303
3888
3686
2123
2025
2271
4270
3969
1959
2249
3603
634
2340
1920
2225
2751
2619
4424
660
1133
1235
1894
3137
1251
1752
526
3398
3339
2710
4445
3816
3406
510
1694
3441
3190
4784
160
4716
3116
3907
48
2881
2446
3194
3432
4409
4473
4941
1806
3999
1797
2235
3570
3978
237
3185
2753
3312
1352
3828
1045
4375
220
3227
4848
4623
222
687
3511
1111
3782
1488
411
2131
3105
2681
1733
3724
2677
2764
3105
2279
3453
2066
670
3852
158
4418
426
2866
1836
562
329
254
2025
1633
166
1248
1954
1034
3879
937
4620
1785
3809
2099
3021
1374
4963
4974
938
1341
2548
885
4740
210
2555
4716
3074
3249
1624
622
4850
1989
834
2470
4918
991
4636
336
2844
4364
3509
3035
564
4144
2795
103
3441
4015
864
3551
2967
3766
1253
3567
1442
4274
2212
4408
3960
3808
3568
4853
2198
2640
2011
709
2284
3692
1997
3806
4668
4999
3104
2755
235
4049
2662
1489
3994
1737
2906
2116
2788
2290
4883
2263
4553
83
4232
1565
701
1977
3329
4002
4548
1968
3900
4020
3671
141
762
2410
1815
3312
1993
2508
4764
3023
3876
4534
4349
2816
3485
4508
2709
2882
3717
2219
2511
2059
1888
988
1577
2584
979
4389
1516
1569
1772
3966
2265
4829
4297
4888
2318
823
1590
2426
1863
2956
1469
2476
115
4375
1036
2247
372
446
4533
2393
1034
4021
840
100
4702
2329
3845
3921
3608
2791
1510
420
2068
3913
934
535
3282
4028
606
4726
439
1242
1222
4610
2489
697
2033
970
4571
3409
4966
4883
1848
4280
3116
3690
3626
2435
4821
3512
2501
4658
493
4994
812
1702
1728
2167
665
1286
1964
1423
4521
614
1282
21
3346
3690
4864
3849
2385
267
1896
2360
2316
3719
583
1912
2167
4831
1620
3482
940
4461
1841
1220
2176
1165
584
488
1359
2519
4874
4662
2364
3597
1018
3839
2491
3297
2230
4099
4423
4045
3586
658
4899
326
3539
2640
4945
2051
211
748
1875
4712
4809
169
2207
4720
329
1435
3854
4251
3622
2278
1486
4795
3570
4028
747
3850
2850
3345
2730
2630
856
1317
2701
3372
4058
2361
3280
4506
300
3725
721
2576
2067
2648
949
3311
4215
9
4444
3784
3385
444
1536
4247
2963
4083
3621
422
1667
2187
4499
1073
2359
3589
3970
994
236
4987
1960
1297
2545
4512
112
4524
3342
763
1840
929
3780
962
1261
4082
2390
4168
2239
3403
3952
3868
1996
3741
4515
1184
3142
1561
4910
4163
1118
571
2263
3399
2784
4159
2188
21
2317
2445
4808
4750
4011
1217
3658
4412
3967
2827
2723
4521
4451
3090
3730
2636
1545
1956
4684
3137
1913
3365
357
2606
3874
3123
3162
1246
4057
303
1034
4114
4834
2719
822
3606
816
4308
3743
125
1180
3358
1264
612
3846
2171
2773
3256
657
2691
4371
3113
2594
3997
4432
294
560
1923
2354
1863
740
3555
806
823
3634
1362
2453
237
376
2657
459
2403
2936
3070
3528
1192
2000
4351
3375
4636
1475
1392
1434
646
4992
3133
1972
4076
4777
1172
1902
3777
2080
3764
2091
76
3811
2356
4477
1294
605
3618
2830
4813
2450
3475
2048
3742
2474
1631
3151
3958
873
1943
3124
4685
2940
4708
2423
2418
179
3242
2248
66
4636
401
4967
4069
2344
1885
4973
2886
1794
1557
2053
1120
795
322
2530
3611
273
4747
2988
1076
738
2417
2676
3403
1438
1644
1082
4418
2997
4348
4110
2232
1347
2105
3947
2417
2774
943
3836
616
1153
1848
3255
4565
2996
739
3232
114
2166
4395
1012
3725
3019
2147
4788
3121
3043
887
1915
3862
205
4599
2687
4997
1813
517
3803
2475
3344
955
1145
371
304
2493
4035
951
796
1923
4403
1111
3183
3716
3039
4425
3433
4811
1265
3398
811
4008
3343
2291
268
3035
1779
3632
3642
1934
2971
813
3009
4460
2938
496
3261
2260
1554
1000
3725
750
1737
4891
174
414
2732
1995
1031
4625
1681
562
4540
1697
4803
1769
1908
2691
1208
4882
23
2271
1185
1064
4425
2053
1429
900
211
1079
121
2934
1949
4823
2652
129
1427
2173
429
1038
3448
4309
931
520
3901
3672
2965
4204
4863
893
3702
4127
1814
355
4271
2470
3752
255
498
3923
3290
3492
884
4016
3633
602
661
2638
4983
1215
538
1033
2252
4795
4492
2663
3120
4893
4346
2415
3716
4141
4959
3524
812
937
4516
1761
3523
3699
1871
3389
2776
3715
3266
3407
778
2560
3496
2560
2088
3066
1250
3885
549
747
699
763
3537
791
3052
1065
4557
491
4804
4600
4601
2700
1001
3365
2896
3464
421
2356
4918
2559
2880
848
4734
4156
1742
1267
3950
1837
886
2868
4556
3011
941
2282
4703
1852
3515
4595
4560
215
4988
2190
237
1477
2238
2531
2783
2875
50
1486
1173
4639
3283
570
1162
251
751
4345
1762
3081
3439
3716
2792
1289
3031
2552
2657
4649
4884
695
430
1274
1289
407
668
2229
3629
3473
3978
4973
3621
3392
2237
1765
4197
932
2827
3521
908
2320
4858
3986
4316
2526
372
1806
3237
4909
448
62
1674
2469
1730
1124
2093
2371
2687
982
63
4074
3527
1439
1058
3114
4362
1885
4098
4577
2901
590
3252
346
3573
153
3766
637
2564
4716
3516
4697
3313
3421
2371
943
3318
170
2660
1407
3769
2964
721
3577
867
1993
3569
4824
3280
4292
644
3242
2541
2781
1815
2728
1377
625
4181
934
4346
4177
1588
2862
2876
1209
1935
842
1199
2096
1616
1421
4934
1252
617
1451
4047
3800
4618
4747
3677
4624
2647
2589
1236
3602
559
3841
3622
2480
2250
4844
460
2883
4156
607
2542
3782
3702
308
466
3020
2351
628
739
4866
4153
3149
3790
4754
4540
336
3684
4683
1542
2633
4956
3896
4107
1235
506
3690
847
2813
690
4133
1413
320
2029
3586
3599
4293
4282
4995
1300
2981
3054
2317
3173
3348
2771
4897
428
2741
539
2700
774
4570
3166
2327
2064
4937
1231
2730
667
4773
1158
2865
2541
3210
1056
4874
694
2536
4578
3085
2690
1046
4312
765
3468
4165
2964
149
2970
2530
1476
1754
2799
3983
1572
1855
1126
1269
632
2423
828
4158
4421
4313
309
2758
1073
4892
3086
1263
1329
1481
1356
3585
357
3365
2984
1945
3638
2334
3677
1916
4374
1959
2535
3842
1589
3013
4672
3609
3782
2308
3128
4119
4320
3429
1327
1635
4953
1133
2048
427
3936
3040
4542
840
4226
1021
2335
687
1313
2234
3680
4205
1207
3583
751
1818
3695
2863
218
3398
436
3247
4112
3063
1931
3163
668
3071
1839
230
2610
811
2746
1196
1127
313
2350
3870
1136
3842
3674
43
649
155
2096
1766
1224
4495
4987
4323
3467
910
2360
1946
2467
998
391
1953
3439
3744
514
908
4094
4888
4391
134
4221
4710
1981
1176
2386
3516
12
2890
1970
4674
3412
1534
701
4288
2954
554
4309
4457
4156
4158
4539
166
3198
3851
356
3169
3058
2077
133
2925
553
2824
1975
849
4766
2723
1092
363
2886
4472
2773
1434
3806
3920
1493
1104
516
3749
302
2403
1651
358
1634
343
2585
2540
4222
3262
4448
3878
2075
299
1565
2343
2924
391
2719
2238
1019
3014
3579
3276
3602
3167
2777
1530
4064
4075
3009
4253
2184
676
3477
646
3527
4935
1478
4468
2406
2631
840
655
2686
2421
2510
3652
4936
3490
1365
3636
2879
3662
346
2888
3563
2249
469
614
3327
2976
4203
1310
255
1169
4977
3589
285
1034
550
1933
3000
2966
3136
4646
265
4956
1256
3685
3038
3047
3636
629
4701
1127
4337
3006
3260
2575
2283
2044
929
212
1524
4088
4241
3170
4601
964
2144
2132
3655
1757
2339
4023
1639
1004
1111
606
3703
1414
3646
719
2618
2846
531
4505
4441
2378
2457
1290
1426
2961
4167
1836
994
1646
1137
1939
4047
215
2956
4538
4688
3022
3828
4519
1063
706
538
2533
3261
3921
4306
3365
3354
4709
604
1026
2597
607
3686
3816
4238
2822
1051
4516
4815
1490
1057
3544
4119
453
1017
4244
1253
2491
1348
1326
2643
1847
2834
4250
2326
646
2052
1608
4512
2248
1025
2480
4370
765
4117
1381
4848
4756
1263
1402
4957
2765
4617
337
232
665
372
4724
2168
1726
4686
3412
248
4079
4469
2372
2474
3956
2006
3326
2436
3715
597
490
1294
3601
3404
3966
3804
1671
2786
4969
1176
2560
2615
2829
3266
1071
3035
4218
4601
869
2614
1980
3821
1003
2191
3683
2030
1154
793
414
2377
3146
3425
2033
1308
2682
4732
2561
1555
1305
4081
4216
3824
4085
2527
4074
189
737
3221
4140
3745
1972
1762
4778
2890
398
414
2304
4054
4894
3855
2340
4396
66
880
3530
1097
2166
2996
3303
2997
370
3281
419
4671
4602
1594
2969
4532
2364
602
3164
4130
3689
4504
2291
973
1054
792
3226
3057
2777
4569
2995
1181
1630
4935
4170
3288
4096
329
371
318
1122
2728
3880
4254
3743
1220
4966
4223
1145
2686
2609
1331
3219
2451
4863
2755
4155
4175
4360
4012
4611
2455
3890
136
3017
2713
897
3412
4781
2520
218
4889
3887
2175
4738
4731
1864
420
4780
3935
1396
4294
3114
1210
1984
258
4690
900
1562
155
3612
2569
3430
1240
3382
1670
3361
4110
3863
510
1131
4249
1698
4594
2662
3918
4304
3086
2570
1418
3765
4367
2804
4475
2902
2165
4997
3966
1575
2019
2285
4571
2445
1842
2438
2367
1698
4005
2597
3930
2857
4591
2240
2357
998
4697
4449
3110
3232
2827
1199
2379
344
2356
647
2837
3623
2100
3924
1752
1655
4412
2221
4604
2225
1124
894
4807
1960
1986
415
4350
1848
1907
430
820
3385
2705
3869
823
1126
42
4508
1293
3333
3896
3911
1633
2353
2631
2338
484
732
4703
1902
4383
305
1434
3423
1440
297
3252
4058
1526
2371
306
75
2444
4652
4937
879
2744
2331
3722
4450
4295
4046
1099
4130
3834
2235
1579
922
2708
1331
3759
2107
1525
115
2761
2416
4651
1582
1437
3321
3503
4221
2686
710
3283
781
1513
1151
3911
2650
2032
55
2136
3142
1929
3659
2187
2700
2473
4771
4693
93
2142
2945
1935
508
968
3812
2513
1308
3321
4116
2547
961
2416
3010
1809
1795
1094
3917
1254
3727
4962
3060
3406
4499
3857
4403
1789
2027
4880
670
4304
3659
4326
2963
639
4621
919
505
4486
4140
1656
4691
4396
1227
1347
2687
4262
3619
952
1682
4777
4004
744
4180
3649
455
3714
1080
4204
3403
3742
4619
472
4577
3787
2524
178
3243
2084
24
1785
4737
598
371
3470
2822
522
4433
493
565
3867
259
2351
3349
1474
1109
3443
3067
3133
3674
3092
3077
657
4417
1089
2848
971
1462
4401
3219
4332
1043
1824
28
186
2444
3792
4460
3474
4357
3107
1881
2027
3773
2835
1270
2258
1544
924
263
3434
128
1971
1688
551
826
4865
275
3657
4897
398
2004
362
3295
3595
1919
4421
1779
462
1147
4127
2369
1918
4719
2612
4730
4898
2626
1940
2472
1173
4270
1810
3387
2461
2254
499
4560
4846
1434
3499
4553
4060
384
2821
3122
4296
2611
3410
3344
1222
2456
3083
1506
4406
3879
1974
1846
2463
1182
3793
472
4607
3380
3412
4565
4341
1098
3181
1989
2088
1665
2705
647
3684
3039
757
4387
1560
422
2199
3089
4955
4939
323
596
1541
4813
4578
1777
3927
1711
2727
2483
125
1735
1556
961
3923
1987
4951
1675
3249
1960
4522
2634
2318
3118
3819
4371
2943
2526
2142
2946
4200
4073
3817
807
3846
2623
1664
3036
2563
3390
374
4608
1812
1195
132
2136
4532
4784
4744
3420
2418
1248
1607
2702
1884
3111
4667
2013
4090
4510
2765
2108
4002
4018
3775
1378
2885
1386
1146
4477
4000
1507
4441
481
4292
277
608
397
52
3378
1126
1895
556
1237
74
1791
4142
3735
3057
495
3958
3996
128
54
4359
4519
3369
97
137
4336
2250
4388
2348
140
4114
3527
1468
876
789
4295
1219
1974
1572
4312
2067
2903
2189
3251
647
3056
3326
3760
4628
1992
1850
2457
660
259
765
3320
3106
3089
4527
3899
459
77
1403
677
4094
3554
2713
4635
781
4326
348
1882
1731
4643
3895
2220
381
609
2296
4448
4616
269
1469
2576
128
1697
4808
1181
3262
630
2451
1330
4619
1969
4642
3187
4428
2717
3144
1146
642
4102
2833
439
800
3580
1901
622
2790
4957
4879
3249
2673
242
2239
3690
4019
1868
2914
4530
3075
3537
1521
4799
3113
702
2419
2018
602
672
2195
1263
3112
1263
3191
2594
2954
872
749
42
2525
3643
2948
2209
837
1085
715
1535
3530
3676
4562
4544
4197
3342
846
215
734
2899
4540
762
4890
4899
2657
3155
101
2390
3389
3176
693
4583
1988
4685
4268
1389
3118
1388
1137
2202
2466
2198
4039
1195
518
1369
3560
2260
3449
2455
3966
630
2958
2061
2020
4061
4864
1601
3750
876
1109
2495
55
3241
2721
3112
2699
3606
2742
3527
4869
1115
2461
2626
4941
1645
3924
2573
1455
3262
2614
2387
4022
4717
1985
2669
3080
2296
3218
2990
932
4619
1636
4851
4469
1473
4506
220
3781
1717
3591
2386
566
3351
4090
1140
2480
1982
2069
1262
3466
3088
605
3678
4898
3925
4769
3283
4377
4150
3426
4453
301
2945
4398
4864
696
895
2033
2908
1362
362
4613
3273
2716
3526
867
86
807
2119
1818
4183
4249
4571
4755
4712
1810
3651
3064
3204
3793
4821
4099
1234
2825
201
3954
856
2420
3407
703
950
1160
2853
2555
2810
3730
1694
4268
3956
2853
3900
799
3589
3706
2612
550
2459
366
942
185
2810
895
1346
1998
4227
1429
4521
1311
2711
4586
3492
3785
1899
3318
1511
1526
3540
3240
239
1616
3682
4851
3518
3185
36
1759
1685
2280
512
4729
833
4398
1531
2996
2670
1614
3748
933
2149
4009
4323
2567
4890
3183
3215
4808
935
2850
2883
3750
1413
2436
4834
694
1097
2565
965
1954
2501
958
1499
3058
1158
4184
3182
3426
4885
1129
4708
3143
3465
1521
3986
4402
1419
4545
1366
4011
2366
1149
1532
2577
3694
439
2941
78
3969
1118
1598
3145
4600
4140
4054
3351
4028
3404
3636
4003
1370
677
4631
252
1806
2392
267
2251
1841
4404
2364
1377
3746
4633
4057
4503
4184
927
4691
935
2194
4449
3005
4440
340
3615
4475
1790
3482
838
2027
2438
264
3684
2152
2855
712
3596
961
1941
1719
4816
2872
4999
3507
1359
1140
1692
1695
486
4670
2873
4360
2302
4889
4413
1379
2651
2397
2370
4691
2190
4214
780
1110
3371
485
2271
1039
1087
2045
1198
2638
2027
3217
4009
1164
4730
2201
3393
3073
3702
618
762
3300
4223
2279
3023
3724
3998
2681
4767
20
763
3755
2934
518
4378
3258
1784
3519
1735
4052
2199
2644
2323
2766
4483
4734
1069
4637
3975
2815
396
376
815
3764
133
1017
1294
3615
3739
5
3504
1657
1080
2472
1302
2244
764
2952
2051
675
3046
1355
424
3246
2502
1918
3516
747
779
8
1748
3906
638
1087
4863
1852
4255
3645
76
66
2814
987
3459
1082
3913
580
1875
3138
731
839
845
2566
3011
2451
1123
3135
1090
1170
560
4345
4614
69
4999
1344
3605
2876
1745
1240
3372
3624
1779
710
823
1146
1008
4829
3145
2879
3517
2576
1145
2029
2268
690
2032
4533
4923
4915
4977
2334
219
2471
1683
4241
4971
4174
1545
3209
2421
447
1960
4054
3161
923
1974
4092
4865
581
4327
98
2958
2592
1081
3168
4656
3447
2993
4475
1415
3858
597
136
4811
553
112
2147
1767
326
495
3260
4150
2346
4104
3403
3469
3295
675
4395
4404
1250
2273
684
2538
647
4188
1664
1272
4394
2676
3200
4804
541
2540
3583
1954
474
2002
706
3559
950
3714
4987
450
2533
1438
978
103
1124
92
1342
4066
2840
4284
4237
2123
1367
3046
1039
2201
967
240
2744
3517
2228
4291
523
2154
4723
631
4064
3728
4184
2950
454
4092
4643
1367
3012
1288
2089
842
4701
944
1871
4168
21
360
100
2003
376
3864
2981
3137
1229
1466
289
4529
3435
1839
2636
2033
3409
2620
2222
638
4682
3054
978
4112
431
1469
1828
4225
376
3284
564
3810
2312
2545
2681
707
4530
3741
65
3022
1643
2388
4618
2489
1987
3800
3016
4847
4041
1600
4477
2008
1233
52
3359
195
1908
4436
2837
78
2744
11
3082
2519
851
1680
4340
1951
3439
4030
490
1166
2292
762
359
1896
4257
3383
3051
3755
695
4757
782
4140
1093
3230
613
4848
4651
510
3563
1070
1939
2389
2138
2580
3219
2672
2605
3708
2227
1913
611
1660
1115
4789
892
1273
865
1346
3682
3817
2572
3330
989
4390
2935
1700
3702
2525
3795
2170
982
740
1291
2492
4942
330
1761
2685
1215
747
2033
2914
3246
4206
401
2448
2131
1424
254
3312
3704
4554
4506
2046
775
3785
834
1145
994
97
505
1820
1070
1623
3281
3049
688
4770
4801
2120
614
178
528
1619
3632
1055
753
2716
1003
349
3776
414
1376
4701
3548
3235
4064
241
3135
3495
1415
2899
1758
1533
2252
2292
3653
1217
283
2013
2417
4086
3375
4511
3924
499
718
2291
3137
1124
3434
1633
4307
2041
4453
159
3133
2941
3929
4460
3970
2818
4633
4115
2634
3181
2215
1473
213
2612
4891
1794
240
2301
479
3864
4337
2928
4784
1906
1307
820
2030
1975
2183
4371
458
1797
4716
3181
2906
1423
1442
1937
4853
2605
2939
4846
231
2880
4650
4617
1164
4612
1542
4032
4441
2531
1438
4017
310
739
460
1905
4928
1792
163
4312
3915
5
2717
1650
1068
2791
1453
2650
487
179
1210
4805
1160
908
4311
2989
594
3060
3240
4800
827
2757
2472
2642
1117
1290
3578
3991
2599
1427
4603
2923
1828
4824
1436
3099
2513
2412
1043
1455
14
4692
3207
4648
265
1491
4934
2606
1809
4632
852
4064
1152
2712
637
1949
2841
2617
1375
726
2750
3658
93
2172
1717
2044
555
2871
2102
885
10
394
3161
3589
3437
1362
3391
4039
3102
2877
4473
3074
830
3927
4735
1847
1332
3696
603
273
2415
164
2610
2139
857
607
2800
1393
3075
1318
614
4481
762
2768
4866
3954
253
3533
1351
4975
3556
1286
438
829
2712
1683
1556
3352
4539
4424
2173
2306
2436
1945
785
406
3218
4683
4502
4021
1258
446
2955
31
3502
717
2412
4916
3934
1635
794
210
1695
1399
2390
671
3879
946
2526
3256
3857
4006
2170
746
4457
3174
1514
3039
3124
3026
1528
3651
365
2156
3602
3809
2157
1853
2200
4622
504
1238
792
702
2816
4435
3391
4831
1863
4535
499
3171
4280
3429
4386
3889
4691
1930
3901
2448
646
3234
284
4113
4679
4233
4681
1207
985
3678
1416
1369
1735
1578
1033
349
3468
641
3566
1654
1211
4874
2112
2619
548
712
3179
4557
3255
4522
2671
2262
4257
3753
101
4813
4280
3437
921
3395
1225
1214
4641
4816
4773
820
865
4609
827
2343
4387
2816
3366
2163
3137
3977
4686
4988
3875
306
1410
2256
3301
1178
4986
3290
317
3242
2715
1946
403
3892
2200
3051
165
2767
2482
2547
2296
4027
804
1867
1100
2461
3629
2628
2207
3414
4955
731
1539
3618
1731
3335
3968
4231
3063
460
4221
1302
537
2548
4151
3304
1111
4294
4658
237
1423
1579
1644
472
2043
270
3739
414
2952
1631
2244
3017
3802
4137
3251
1014
250
1981
3051
4004
4866
3654
1454
3887
4807
4516
2865
2820
1339
2118
740
2335
224
3166
406
1334
4687
1755
1813
1844
1693
2204
3354
4204
164
72
3883
1083
1418
4924
69
1833
2067
4983
2502
2255
3471
3084
2856
3760
2064
1787
3823
2475
4265
3253
4788
838
60
4190
3065
4599
4864
4989
2315
2445
885
3946
522
2754
2264
2663
2268
2139
2447
1543
1228
4237
1968
465
4915
3310
2618
1146
208
4074
2421
2125
3428
3314
3180
289
4776
4686
1555
2811
1821
4379
3897
2936
4155
2459
1392
4573
1483
2406
799
3856
1048
2118
4579
1499
2749
731
1820
2910
1829
2515
3444
2714
3044
2134
4796
2408
3799
964
3854
439
4780
4753
583
3868
1593
4099
981
3126
4340
2444
3384
442
1235
1125
1640
2807
3352
4664
3748
1173
2591
1477
662
3994
2724
1448
2567
475
38
3703
2240
1715
1381
4720
1297
4010
721
1060
3552
3517
3304
3514
3910
3140
38
309
4372
1633
3056
115
2639
4350
1561
146
33
2038
1853
2820
2556
1056
841
3142
4123
4822
2507
1368
534
374
2442
2382
3734
4262
4885
4293
2767
3552
1096
2807
4015
2942
1543
1350
3304
156
1871
1837
1074
1730
179
4830
4133
1384
1008
3003
306
3073
2095
4380
398
4865
392
885
161
395
948
3414
3639
3115
1012
4483
2070
3886
1254
1683
76
2466
3447
827
4262
2211
4961
1123
3431
859
4190
964
2315
933
870
4077
1627
4988
1636
2154
4285
1652
2932
3356
2419
1313
322
4490
4066
1701
3937
2708
1921
22
104
729
904
4703
4047
1221
737
4191
614
829
2096
1893
3741
2425
2163
3803
410
817
1431
323
2380
2950
2561
3489
949
778
375
79
1133
1396
2692
2928
3585
2197
761
3052
2807
1498
932
3283
3278
3739
2226
3159
3917
3454
1366
926
1085
480
1305
849
3408
4839
3954
4660
3589
1484
3110
2937
236
1070
3957
3998
925
3369
3610
376
518
2143
2574
101
4299
4723
4628
1834
2771
4252
4285
780
3545
2036
3947
2832
3152
1217
4573
447
95
1285
4141
3844
4061
1354
613
4027
2626
1973
2710
2278
412
4152
1824
4509
3101
3303
1925
645
3760
3638
4694
3670
721
4083
3662
2589
972
4074
145
840
3304
3377
293
4564
4498
1
744
4949
2495
4164
4606
1694
3737
2792
2976
444
1826
3722
2719
4588
4914
3875
2976
3707
934
798
1816
17
2796
2909
2391
4486
4276
3062
870
375
1344
4033
1150
3352
876
2083
1604
1536
989
3218
1766
3744
1561
2768
882
3395
380
4823
1009
3690
3746
4827
4130
1102
4086
35
4344
397
4532
3545
4793
3956
4164
1451
4739
1422
1051
848
3173
4919
4965
2636
4129
3151
3429
4988
2033
2241
3259
2808
2409
3709
1092
1131
3381
4935
4196
2448
4487
2571
4534
1780
1645
1717
2380
2828
1086
1456
4127
4444
2640
945
2885
4606
3935
4774
4674
3419
4373
2342
3460
104
4282
872
207
3120
1190
434
463
1637
2187
1318
2347
2052
1199
508
2417
1671
4433
264
2938
3707
839
4602
1837
4597
3185
1946
4185
2356
384
3125
3174
3412
2561
4523
440
106
2058
1663
3629
1847
3012
4820
4477
4942
1609
1585
2409
3676
1453
610
1531
1423
4209
977
3090
332
3510
2286
4559
2164
1065
1318
4784
2089
46
2707
3820
1268
327
1259
2642
4889
416
2467
4018
4691
4506
2933
597
2603
4304
1801
1506
4264
558
4138
1305
3407
4448
4399
3304
753
2862
1812
1747
2718
2712
2955
2404
1789
4345
3890
4598
72
939
2834
3650
1968
1997
326
2629
3124
928
3161
2101
4425
2316
202
4234
3071
4213
4167
3650
3987
359
2428
1577
2624
4209
674
786
1371
4407
4368
60
536
1726
1746
3475
851
1684
4405
3565
590
1259
194
3761
2717
310
716
600
444
1458
2063
4571
577
4710
1864
2118
3339
3178
3695
3313
3547
2591
138
3190
969
4381
48
518
4797
372
594
2930
4119
869
2374
2468
4968
708
2306
3585
3124
3236
252
3882
1280
4370
1801
1117
3203
4470
2416
1180
2441
3056
91
4534
4547
1158
1009
342
41
4691
4887
3228
4400
4485
697
2496
1720
2816
1734
3380
4198
1166
1318
1507
1808
2070
1591
938
1485
4647
445
4496
3778
4502
599
2381
551
2053
804
1617
4756
3991
2710
2925
1050
1921
819
2335
571
1585
2603
3980
3691
2689
2504
4785
1248
4633
4643
2985
2591
3508
1381
39
2565
2016
1814
3572
2266
2944
1100
2716
3931
3791
3648
2938
2502
3989
4519
891
1439
4969
671
2298
1146
4412
1609
2156
626
617
152
4154
255
4766
4742
3318
4833
1742
300
4518
2134
4452
4421
3867
1217
2996
3215
1829
4830
2383
1096
3806
4105
4181
741
3250
2980
4113
86
1956
1358
4211
1149
3655
1304
1467
4639
4635
1197
3960
2939
331
1792
3994
1898
514
2165
3026
1917
350
1693
4242
2959
3179
3847
3724
380
326
2654
845
4271
2240
2157
4740
4459
4670
1424
3085
3100
2992
4814
637
4232
2060
3082
1825
4230
3324
2890
2826
3988
3949
4949
54
4111
1138
3603
1356
1884
631
4215
2300
1732
1230
1531
1289
2967
4931
969
1886
3396
2705
928
3944
3922
3924
1726
4839
1320
3366
183
1996
353
1047
4698
4852
1319
1103
4199
321
4688
1203
458
1362
2115
1474
4232
3321
4909
4617
152
2322
702
1774
3679
4968
3861
3945
1397
1797
3365
4922
1169
4773
1489
4184
2166
1373
2807
3714
4886
4838
563
1882
3098
3157
1083
889
135
1657
4282
4131
3438
1225
4960
788
1453
3898
4913
319
4353
4123
962
763
3950
1067
4943
4417
9
3534
4276
3446
3034
355
4340
3514
1879
3949
3123
2871
4825
4719
800
3485
1096
2085
3908
1904
686
2320
4901
4454
3347
2111
1548
44
58
4734
4280
965
4257
58
3072
1682
2587
3349
2967
873
1267
3490
4795
2077
2140
4391
3469
4625
2995
2257
3255
1668
3385
4522
4567
3952
1464
3032
4580
4545
3962
2078
2512
4732
2820
3261
1131
975
1882
3658
1325
821
1756
4164
3281
2772
4510
426
1316
3187
43
746
1190
3863
4917
3566
722
524
2155
1816
3037
655
4989
309
3148
3282
4268
2346
4894
470
1435
4049
3596
87
1652
4244
2342
1595
275
4911
4182
4225
1897
1388
295
2946
1959
2
1289
711
2260
3272
2892
3237
3321
4801
1640
4241
125
562
738
4502
2330
4580
4775
2851
2846
2265
1853
4967
1593
3725
3309
4709
38
2138
1433
3335
4147
872
4576
592
4121
2410
2785
958
4204
2111
4406
4709
2049
3627
3089
4613
3961
1992
2782
3758
3774
4807
224
3948
952
2112
553
3134
1805
1883
2586
3378
2892
4231
4388
79
2157
2033
2353
761
3268
2801
622
4542
1462
3903
2571
2896
1790
4699
2204
1497
1557
4087
1635
1923
1982
2174
1693
1877
1661
2045
2916
1277
873
982
642
4035
54
4435
346
3950
3040
2583
4033
4706
2250
4020
1498
4187
2295
3259
1819
4724
1050
443
4306
3466
3918
4429
266
4116
2844
3225
1431
3745
986
4245
3768
2585
68
96
1726
3108
4759
825
2665
2962
2127
1533
4493
2153
1942
2206
3861
2810
2997
1506
4085
3472
1724
3433
3049
2990
3281
2290
3692
1473
4680
1074
4717
1872
818
2211
1931
4549
3540
3120
1606
1194
1225
3874
79
1446
3453
4092
1101
4235
4374
2586
3986
2457
2055
4605
4651
390
3263
810
1338
491
1765
2083
3903
788
3685
2741
2128
2957
2951
4590
4566
2111
2819
162
3373
993
2876
4960
1629
4725
4717
4410
1429
2331
2909
2663
4181
3993
3661
642
3121
2347
3799
1186
1372
2763
3455
4682
3315
584
648
1327
2814
1869
2568
2595
2386
2191
4959
3239
2222
3644
2975
4808
4267
3688
3391
1370
1506
189
1024
1922
2061
655
1725
1367
3252
843
782
522
3876
4492
440
215
3252
4292
681
851
2150
1272
690
3193
2534
1878
2026
2327
3630
1035
1075
4315
1397
234
287
2923
2664
3900
3827
4428
2231
4493
3644
1106
4417
1450
4840
4895
3740
4620
3563
4288
4372
2536
2844
3945
4420
1860
733
3619
2522
2996
3376
2128
1275
2486
86
0
4287
1116
2817
2349
3843
4383
68
4029
3908
2454
74
3526
2399
4890
1894
59
4490
3060
1544
3372
4592
3580
3233
2047
1337
3192
3099
1807
2154
648
3458
1962
4232
2227
2332
4357
2202
