4999
4999
4999
4997
4997
4995
4994
4992
4989
4989
4988
4988
4988
4988
4987
4987
4987
4986
4983
4983
4977
4977
4975
4974
4973
4973
4971
4969
4969
4969
4968
4968
4967
4967
4966
4966
4966
4965
4963
4962
4961
4960
4960
4959
4959
4957
4957
4956
4956
4955
4955
4954
4953
4951
4949
4949
4945
4943
4942
4942
4941
4941
4939
4937
4937
4936
4935
4935
4935
4934
4934
4931
4928
4924
4923
4922
4919
4918
4918
4917
4916
4915
4915
4914
4913
4911
4910
4909
4909
4901
4899
4899
4898
4898
4897
4897
4895
4894
4894
4893
4892
4891
4891
4890
4890
4890
4889
4889
4889
4888
4888
4887
4887
4886
4885
4885
4884
4883
4883
4882
4880
4879
4877
4874
4874
4874
4869
4866
4866
4866
4865
4865
4865
4864
4864
4864
4864
4863
4863
4863
4858
4853
4853
4852
4851
4851
4850
4848
4848
4848
4847
4846
4846
4844
4840
4839
4839
4838
4834
4834
4833
4831
4831
4830
4830
4829
4829
4827
4825
4824
4824
4823
4823
4822
4821
4821
4820
4816
4816
4815
4814
4813
4813
4813
4811
4811
4809
4808
4808
4808
4808
4807
4807
4807
4805
4804
4804
4803
4801
4801
4800
4799
4797
4796
4795
4795
4795
4793
4789
4788
4788
4785
4784
4784
4784
4784
4781
4780
4780
4778
4777
4777
4776
4775
4774
4773
4773
4773
4771
4771
4770
4769
4767
4766
4766
4764
4759
4757
4756
4756
4756
4755
4754
4753
4751
4750
4747
4747
4744
4742
4740
4740
4739
4738
4737
4735
4734
4734
4734
4732
4732
4731
4730
4730
4729
4726
4725
4724
4724
4723
4723
4723
4720
4720
4719
4719
4717
4717
4717
4716
4716
4716
4716
4715
4712
4712
4710
4710
4709
4709
4709
4708
4708
4706
4703
4703
4703
4702
4701
4701
4701
4699
4698
4697
4697
4694
4693
4692
4691
4691
4691
4691
4691
4691
4690
4688
4688
4687
4686
4686
4686
4685
4685
4684
4683
4683
4682
4682
4681
4680
4679
4674
4674
4672
4671
4670
4670
4668
4667
4664
4662
4662
4660
4658
4658
4656
4652
4651
4651
4651
4650
4649
4648
4647
4646
4643
4643
4643
4642
4641
4639
4639
4637
4636
4636
4636
4635
4635
4633
4633
4633
4632
4631
4628
4628
4625
4625
4624
4623
4622
4621
4620
4620
4619
4619
4619
4618
4618
4617
4617
4617
4616
4614
4613
4613
4612
4611
4610
4609
4608
4607
4606
4606
4605
4604
4603
4602
4602
4601
4601
4601
4600
4600
4599
4599
4598
4597
4595
4594
4594
4592
4591
4590
4588
4586
4586
4583
4580
4580
4579
4578
4578
4578
4577
4577
4576
4573
4573
4571
4571
4571
4571
4570
4569
4567
4566
4566
4565
4565
4564
4562
4560
4560
4559
4557
4557
4556
4554
4553
4553
4549
4548
4547
4545
4545
4544
4543
4542
4542
4541
4540
4540
4540
4539
4539
4538
4535
4534
4534
4534
4533
4533
4532
4532
4532
4532
4530
4530
4529
4527
4526
4524
4523
4522
4522
4522
4521
4521
4521
4519
4519
4519
4519
4518
4516
4516
4516
4515
4512
4512
4511
4510
4510
4509
4508
4508
4506
4506
4506
4506
4505
4504
4503
4502
4502
4502
4499
4499
4498
4496
4495
4493
4493
4492
4492
4490
4490
4488
4488
4487
4486
4486
4485
4483
4483
4481
4477
4477
4477
4477
4475
4475
4475
4473
4473
4472
4470
4469
4469
4469
4468
4461
4460
4460
4460
4459
4457
4457
4454
4453
4453
4452
4451
4450
4450
4449
4449
4448
4448
4448
4445
4444
4444
4441
4441
4441
4440
4436
4435
4435
4433
4433
4432
4429
4428
4428
4425
4425
4425
4424
4424
4423
4421
4421
4421
4420
4418
4418
4417
4417
4417
4413
4412
4412
4412
4410
4410
4409
4408
4407
4406
4406
4405
4404
4404
4404
4403
4403
4402
4401
4400
4399
4398
4398
4396
4396
4395
4395
4394
4392
4391
4391
4390
4389
4388
4388
4387
4387
4386
4383
4383
4381
4380
4379
4378
4377
4375
4375
4374
4374
4373
4372
4372
4371
4371
4371
4370
4370
4368
4367
4364
4362
4360
4360
4359
4357
4357
4353
4351
4351
4350
4350
4349
4348
4346
4346
4345
4345
4345
4344
4341
4340
4340
4340
4337
4337
4336
4333
4332
4327
4326
4326
4323
4323
4320
4316
4315
4313
4312
4312
4312
4311
4309
4309
4308
4307
4306
4306
4304
4304
4304
4299
4297
4296
4295
4295
4294
4294
4293
4293
4292
4292
4292
4291
4288
4288
4287
4285
4285
4284
4282
4282
4282
4280
4280
4280
4280
4276
4276
4274
4271
4271
4270
4270
4268
4268
4268
4267
4265
4264
4262
4262
4262
4259
4257
4257
4257
4255
4254
4253
4252
4251
4250
4249
4249
4247
4245
4244
4244
4243
4242
4241
4241
4241
4238
4237
4237
4235
4234
4233
4232
4232
4232
4232
4231
4231
4230
4227
4226
4225
4225
4223
4223
4222
4222
4221
4221
4221
4218
4216
4215
4215
4214
4213
4211
4209
4209
4206
4205
4204
4204
4204
4204
4203
4200
4199
4198
4197
4197
4196
4191
4190
4190
4189
4188
4187
4187
4185
4184
4184
4184
4184
4183
4182
4181
4181
4181
4180
4177
4175
4174
4173
4170
4168
4168
4167
4167
4165
4164
4164
4164
4163
4159
4158
4158
4156
4156
4156
4155
4155
4154
4154
4153
4152
4151
4150
4150
4147
4144
4144
4142
4141
4141
4140
4140
4140
4140
4140
4138
4137
4135
4133
4133
4131
4130
4130
4130
4129
4127
4127
4127
4123
4123
4121
4119
4119
4119
4117
4116
4116
4115
4114
4114
4113
4113
4112
4112
4111
4110
4110
4107
4105
4104
4102
4099
4099
4099
4098
4096
4094
4094
4092
4092
4092
4090
4090
4088
4087
4086
4086
4085
4085
4083
4083
4082
4081
4079
4077
4076
4075
4074
4074
4074
4074
4073
4069
4066
4066
4064
4064
4064
4064
4061
4061
4060
4058
4058
4057
4057
4054
4054
4054
4052
4049
4049
4049
4047
4047
4047
4046
4045
4041
4039
4039
4035
4035
4033
4033
4032
4030
4029
4028
4028
4028
4027
4027
4023
4022
4021
4021
4020
4020
4019
4018
4018
4017
4016
4015
4015
4012
4011
4011
4010
4009
4009
4008
4006
4005
4004
4004
4003
4002
4002
4002
4000
3999
3998
3998
3997
3996
3994
3994
3994
3993
3991
3991
3989
3988
3987
3986
3986
3986
3983
3980
3978
3978
3977
3975
3970
3970
3969
3969
3968
3967
3966
3966
3966
3966
3962
3961
3960
3960
3958
3958
3957
3956
3956
3956
3954
3954
3954
3952
3952
3950
3950
3950
3949
3949
3948
3947
3947
3946
3945
3945
3944
3937
3936
3935
3935
3934
3931
3930
3929
3927
3927
3925
3924
3924
3924
3924
3923
3923
3922
3921
3921
3920
3918
3918
3917
3917
3915
3913
3913
3911
3911
3910
3908
3908
3907
3906
3903
3903
3901
3901
3900
3900
3900
3899
3898
3897
3896
3896
3895
3892
3892
3890
3890
3889
3888
3887
3887
3886
3885
3883
3882
3880
3879
3879
3879
3878
3876
3876
3876
3875
3875
3874
3874
3870
3869
3868
3868
3867
3867
3864
3864
3863
3863
3862
3861
3861
3858
3857
3857
3856
3855
3855
3854
3854
3852
3851
3850
3849
3847
3846
3846
3845
3844
3843
3842
3842
3841
3839
3836
3834
3828
3828
3827
3824
3823
3821
3820
3819
3817
3817
3816
3816
3812
3811
3810
3809
3809
3809
3808
3806
3806
3806
3806
3805
3804
3803
3803
3802
3800
3800
3799
3799
3795
3793
3793
3792
3791
3790
3787
3785
3785
3784
3782
3782
3782
3781
3780
3778
3777
3776
3775
3774
3773
3770
3769
3768
3766
3766
3765
3764
3764
3761
3760
3760
3760
3759
3758
3755
3755
3753
3752
3750
3750
3749
3748
3748
3746
3746
3745
3745
3744
3744
3743
3743
3742
3742
3741
3741
3741
3740
3739
3739
3739
3739
3737
3735
3734
3730
3730
3730
3728
3727
3725
3725
3725
3725
3724
3724
3724
3722
3722
3719
3717
3716
3716
3716
3715
3715
3714
3714
3714
3709
3708
3707
3707
3706
3704
3703
3703
3702
3702
3702
3702
3699
3696
3695
3695
3694
3692
3692
3691
3690
3690
3690
3690
3690
3689
3688
3686
3686
3685
3685
3684
3684
3684
3683
3682
3682
3680
3679
3678
3678
3677
3677
3676
3676
3674
3674
3672
3671
3670
3662
3662
3661
3659
3659
3658
3658
3658
3657
3655
3655
3654
3653
3652
3652
3651
3651
3650
3650
3649
3648
3646
3645
3644
3644
3643
3642
3639
3638
3638
3636
3636
3636
3634
3633
3632
3632
3630
3629
3629
3629
3627
3626
3625
3624
3623
3622
3622
3622
3621
3621
3619
3619
3619
3619
3618
3618
3615
3615
3612
3611
3610
3609
3608
3606
3606
3605
3603
3603
3602
3602
3602
3601
3599
3597
3596
3596
3595
3591
3589
3589
3589
3589
3589
3589
3586
3586
3585
3585
3585
3583
3583
3580
3580
3579
3578
3577
3574
3573
3572
3572
3570
3570
3569
3568
3567
3566
3566
3565
3563
3563
3563
3560
3559
3559
3556
3555
3554
3552
3552
3551
3548
3547
3545
3545
3544
3540
3540
3539
3537
3537
3534
3533
3533
3530
3530
3528
3527
3527
3527
3527
3526
3526
3524
3523
3521
3521
3520
3519
3518
3517
3517
3517
3516
3516
3516
3515
3514
3514
3512
3511
3510
3509
3508
3507
3504
3503
3503
3502
3499
3496
3495
3495
3492
3492
3490
3490
3489
3485
3485
3482
3482
3482
3477
3475
3475
3474
3473
3472
3471
3470
3469
3469
3469
3468
3468
3467
3466
3466
3465
3464
3460
3459
3458
3455
3454
3453
3453
3449
3448
3447
3447
3446
3444
3444
3443
3441
3441
3439
3439
3439
3438
3437
3437
3435
3434
3434
3433
3433
3432
3431
3430
3429
3429
3429
3428
3426
3426
3425
3423
3421
3420
3419
3414
3414
3412
3412
3412
3412
3412
3410
3409
3409
3408
3407
3407
3407
3406
3406
3404
3404
3403
3403
3403
3403
3399
3398
3398
3398
3396
3395
3395
3395
3393
3392
3391
3391
3391
3390
3389
3389
3387
3385
3385
3385
3384
3383
3382
3381
3380
3380
3378
3378
3377
3377
3376
3375
3375
3373
3372
3372
3372
3372
3371
3369
3369
3366
3366
3365
3365
3365
3365
3365
3361
3359
3358
3356
3354
3354
3352
3352
3352
3351
3351
3349
3349
3348
3347
3346
3345
3345
3344
3344
3343
3342
3342
3339
3339
3335
3335
3333
3330
3329
3329
3327
3326
3326
3326
3324
3321
3321
3321
3321
3320
3318
3318
3318
3315
3314
3313
3313
3312
3312
3312
3311
3310
3309
3304
3304
3304
3304
3304
3303
3303
3301
3300
3297
3296
3295
3295
3290
3290
3288
3284
3283
3283
3283
3283
3282
3282
3281
3281
3281
3281
3280
3280
3278
3276
3274
3273
3273
3272
3268
3266
3266
3264
3263
3262
3262
3262
3261
3261
3261
3260
3260
3259
3259
3258
3256
3256
3255
3255
3255
3253
3252
3252
3252
3252
3251
3251
3250
3249
3249
3249
3247
3246
3246
3243
3242
3242
3242
3241
3240
3240
3239
3237
3237
3236
3235
3234
3233
3232
3232
3230
3228
3227
3226
3225
3221
3219
3219
3219
3218
3218
3218
3217
3215
3215
3210
3209
3207
3204
3203
3200
3198
3194
3193
3192
3191
3190
3190
3187
3187
3185
3185
3185
3183
3183
3182
3181
3181
3181
3180
3179
3179
3178
3176
3174
3174
3173
3173
3171
3170
3169
3168
3167
3166
3166
3164
3163
3162
3161
3161
3161
3159
3157
3155
3155
3152
3151
3151
3149
3148
3146
3145
3145
3145
3144
3143
3142
3142
3142
3140
3138
3137
3137
3137
3137
3137
3136
3135
3135
3134
3133
3133
3133
3133
3128
3126
3125
3124
3124
3124
3124
3123
3123
3122
3121
3121
3120
3120
3120
3118
3118
3116
3116
3115
3114
3114
3113
3113
3112
3112
3111
3110
3110
3108
3107
3106
3105
3105
3105
3104
3102
3101
3100
3099
3099
3098
3092
3090
3090
3089
3089
3089
3088
3086
3086
3085
3085
3084
3083
3082
3082
3081
3080
3077
3075
3075
3074
3074
3073
3073
3072
3071
3071
3070
3067
3066
3065
3064
3063
3063
3062
3060
3060
3060
3058
3058
3057
3057
3056
3056
3056
3054
3054
3052
3052
3051
3051
3051
3049
3049
3047
3046
3046
3044
3043
3040
3040
3039
3039
3039
3038
3037
3036
3035
3035
3035
3034
3032
3031
3027
3026
3026
3024
3023
3023
3022
3022
3021
3020
3019
3017
3017
3016
3014
3013
3012
3012
3011
3011
3010
3009
3009
3006
3005
3003
3000
2997
2997
2997
2996
2996
2996
2996
2996
2995
2995
2993
2992
2990
2990
2989
2988
2987
2985
2984
2983
2981
2981
2980
2976
2976
2976
2975
2971
2970
2969
2967
2967
2967
2966
2965
2964
2964
2963
2963
2962
2961
2959
2958
2958
2957
2956
2956
2955
2955
2954
2954
2952
2952
2951
2950
2950
2948
2946
2946
2945
2945
2944
2943
2942
2941
2941
2940
2939
2939
2938
2938
2938
2937
2936
2936
2935
2934
2934
2933
2932
2931
2930
2928
2928
2925
2925
2924
2923
2923
2916
2914
2914
2910
2909
2909
2908
2906
2906
2903
2902
2901
2899
2899
2897
2896
2896
2892
2892
2890
2890
2890
2888
2886
2886
2885
2885
2883
2883
2882
2881
2880
2880
2879
2879
2877
2876
2876
2876
2876
2875
2873
2872
2871
2871
2868
2866
2865
2865
2864
2863
2862
2862
2859
2857
2856
2855
2853
2853
2851
2850
2850
2848
2846
2846
2844
2844
2844
2841
2840
2837
2837
2835
2834
2834
2833
2832
2831
2830
2829
2828
2827
2827
2827
2826
2825
2824
2822
2822
2821
2820
2820
2820
2819
2818
2817
2816
2816
2816
2816
2815
2814
2814
2813
2811
2810
2810
2810
2808
2808
2807
2807
2807
2807
2804
2801
2800
2799
2796
2795
2792
2792
2791
2791
2790
2788
2786
2785
2784
2783
2782
2781
2777
2777
2776
2774
2773
2773
2772
2771
2771
2768
2768
2767
2767
2766
2765
2765
2764
2763
2761
2758
2757
2755
2755
2754
2753
2751
2750
2749
2746
2745
2744
2744
2744
2742
2741
2741
2732
2732
2730
2730
2728
2728
2727
2724
2723
2723
2721
2721
2719
2719
2719
2718
2717
2717
2717
2716
2716
2716
2715
2714
2713
2713
2712
2712
2712
2712
2711
2710
2710
2710
2709
2708
2708
2707
2705
2705
2705
2704
2702
2701
2700
2700
2700
2699
2692
2691
2691
2690
2689
2689
2687
2687
2687
2686
2686
2686
2685
2682
2681
2681
2681
2677
2676
2676
2673
2672
2672
2671
2670
2669
2665
2664
2663
2663
2663
2662
2662
2660
2657
2657
2657
2654
2652
2651
2650
2650
2648
2647
2644
2643
2642
2642
2640
2640
2640
2639
2639
2638
2638
2636
2636
2636
2634
2634
2633
2631
2631
2630
2629
2628
2626
2626
2626
2624
2623
2620
2619
2619
2618
2618
2617
2615
2614
2614
2612
2612
2612
2611
2610
2610
2609
2606
2606
2605
2605
2603
2603
2599
2599
2597
2597
2595
2594
2594
2592
2591
2591
2591
2589
2589
2587
2586
2586
2585
2585
2584
2583
2580
2577
2576
2576
2576
2575
2574
2573
2572
2571
2571
2571
2570
2569
2569
2568
2567
2567
2566
2565
2565
2564
2563
2561
2561
2561
2560
2560
2560
2559
2556
2555
2555
2552
2548
2548
2547
2547
2545
2545
2542
2542
2541
2541
2540
2540
2538
2536
2536
2535
2534
2533
2533
2533
2531
2531
2530
2530
2527
2526
2526
2526
2525
2525
2525
2524
2522
2520
2519
2519
2515
2513
2513
2512
2511
2510
2508
2507
2504
2502
2502
2502
2501
2501
2500
2496
2495
2495
2493
2492
2491
2491
2489
2489
2489
2486
2483
2482
2480
2480
2480
2478
2476
2475
2475
2474
2474
2473
2472
2472
2472
2471
2470
2470
2469
2468
2467
2467
2466
2466
2465
2463
2461
2461
2461
2460
2459
2459
2457
2457
2457
2456
2455
2455
2454
2453
2452
2451
2451
2451
2450
2448
2448
2448
2447
2446
2445
2445
2445
2444
2444
2444
2442
2441
2438
2438
2436
2436
2436
2435
2428
2426
2425
2423
2423
2422
2421
2421
2421
2420
2419
2419
2418
2418
2417
2417
2417
2417
2416
2416
2416
2415
2415
2412
2412
2410
2410
2409
2409
2408
2406
2406
2404
2403
2403
2399
2397
2393
2392
2391
2390
2390
2390
2389
2388
2387
2386
2386
2386
2385
2383
2382
2381
2380
2380
2379
2378
2377
2374
2372
2371
2371
2371
2370
2369
2367
2366
2364
2364
2364
2361
2360
2360
2359
2357
2356
2356
2356
2356
2354
2353
2353
2351
2351
2350
2350
2349
2348
2347
2347
2346
2346
2344
2343
2343
2342
2342
2340
2340
2339
2338
2335
2335
2335
2334
2334
2334
2332
2331
2331
2330
2329
2327
2327
2326
2324
2323
2322
2320
2320
2318
2318
2317
2317
2316
2316
2315
2315
2312
2308
2308
2306
2306
2304
2302
2301
2300
2298
2296
2296
2296
2295
2292
2292
2291
2291
2291
2290
2290
2286
2286
2285
2284
2283
2282
2282
2280
2279
2279
2278
2278
2273
2271
2271
2271
2268
2268
2266
2266
2265
2265
2264
2263
2263
2262
2260
2260
2260
2258
2257
2256
2255
2254
2252
2252
2251
2250
2250
2250
2249
2249
2248
2248
2247
2244
2244
2241
2240
2240
2240
2239
2239
2238
2238
2237
2235
2235
2234
2232
2231
2231
2230
2229
2228
2227
2227
2226
2225
2225
2222
2222
2221
2220
2219
2215
2212
2211
2211
2209
2207
2207
2206
2204
2204
2202
2202
2201
2201
2200
2200
2199
2199
2198
2198
2197
2195
2194
2191
2191
2190
2190
2189
2188
2187
2187
2187
2185
2184
2183
2176
2175
2174
2174
2173
2173
2172
2172
2171
2170
2170
2168
2167
2167
2166
2166
2166
2166
2165
2165
2164
2163
2163
2162
2157
2157
2157
2156
2156
2155
2154
2154
2154
2153
2152
2150
2149
2147
2147
2145
2144
2143
2142
2142
2140
2139
2139
2139
2138
2138
2136
2136
2134
2134
2132
2131
2131
2128
2128
2127
2125
2123
2123
2120
2119
2118
2118
2118
2116
2115
2112
2112
2111
2111
2111
2108
2107
2105
2102
2101
2100
2099
2096
2096
2096
2095
2093
2091
2089
2089
2088
2088
2086
2085
2084
2083
2083
2080
2078
2077
2077
2075
2070
2070
2069
2068
2067
2067
2067
2066
2064
2064
2063
2061
2061
2060
2059
2058
2057
2055
2053
2053
2053
2052
2052
2051
2051
2049
2048
2048
2047
2046
2045
2045
2044
2044
2044
2043
2041
2041
2038
2036
2033
2033
2033
2033
2033
2033
2033
2032
2032
2032
2030
2030
2029
2029
2027
2027
2027
2027
2026
2025
2025
2020
2019
2018
2016
2013
2013
2011
2008
2006
2005
2004
2003
2002
2001
2000
1998
1998
1997
1997
1996
1996
1995
1993
1993
1992
1992
1989
1989
1988
1987
1987
1986
1985
1984
1982
1982
1981
1981
1980
1977
1975
1975
1974
1974
1974
1973
1972
1972
1971
1970
1969
1968
1968
1968
1964
1962
1960
1960
1960
1960
1959
1959
1959
1956
1956
1954
1954
1954
1953
1951
1949
1949
1946
1946
1946
1945
1945
1943
1942
1941
1940
1939
1939
1939
1937
1935
1935
1934
1933
1931
1931
1930
1929
1925
1924
1923
1923
1923
1922
1921
1921
1920
1919
1918
1918
1917
1916
1915
1913
1913
1912
1908
1908
1907
1906
1905
1904
1902
1902
1901
1899
1898
1897
1896
1896
1895
1894
1894
1893
1888
1886
1885
1885
1884
1884
1883
1882
1882
1882
1881
1879
1878
1877
1875
1875
1872
1871
1871
1871
1869
1868
1867
1864
1864
1864
1863
1863
1863
1860
1855
1853
1853
1853
1852
1852
1850
1848
1848
1848
1847
1847
1847
1846
1844
1842
1841
1841
1840
1840
1839
1839
1837
1837
1837
1836
1836
1834
1833
1829
1829
1828
1828
1826
1826
1825
1824
1824
1822
1821
1820
1820
1819
1818
1818
1816
1816
1815
1815
1814
1814
1813
1813
1812
1812
1810
1810
1809
1809
1808
1807
1806
1806
1806
1805
1801
1801
1797
1797
1797
1795
1794
1794
1792
1792
1792
1791
1790
1790
1789
1789
1787
1785
1785
1784
1780
1779
1779
1779
1777
1774
1772
1769
1767
1766
1766
1765
1765
1762
1762
1761
1761
1759
1758
1757
1756
1755
1754
1752
1752
1750
1748
1747
1746
1746
1745
1742
1742
1737
1737
1735
1735
1735
1734
1733
1732
1731
1731
1730
1730
1728
1726
1726
1726
1726
1725
1725
1724
1721
1720
1720
1719
1717
1717
1717
1715
1711
1702
1701
1700
1698
1698
1697
1697
1695
1695
1694
1694
1694
1693
1693
1693
1692
1688
1685
1684
1683
1683
1683
1682
1682
1681
1680
1675
1674
1671
1671
1670
1668
1667
1667
1665
1664
1664
1663
1661
1660
1657
1657
1656
1655
1654
1652
1652
1651
1650
1646
1645
1645
1644
1644
1643
1640
1640
1639
1637
1636
1636
1635
1635
1635
1634
1634
1633
1633
1633
1633
1631
1631
1631
1630
1629
1627
1624
1623
1620
1619
1617
1616
1616
1614
1614
1609
1609
1608
1607
1606
1604
1601
1600
1598
1595
1594
1593
1593
1592
1591
1590
1589
1588
1585
1585
1582
1582
1579
1579
1578
1577
1577
1575
1572
1572
1571
1569
1565
1565
1562
1561
1561
1561
1560
1557
1557
1557
1556
1556
1555
1555
1554
1548
1545
1545
1544
1544
1543
1543
1542
1542
1541
1539
1536
1536
1535
1534
1533
1533
1532
1531
1531
1531
1530
1528
1526
1526
1525
1524
1521
1521
1516
1514
1513
1511
1510
1507
1507
1506
1506
1506
1506
1499
1499
1498
1498
1497
1493
1491
1490
1489
1489
1488
1486
1486
1485
1484
1483
1481
1478
1477
1477
1476
1475
1474
1474
1473
1473
1473
1469
1469
1469
1469
1468
1467
1466
1464
1462
1462
1462
1458
1456
1455
1455
1454
1453
1453
1453
1451
1451
1450
1450
1448
1446
1442
1442
1440
1440
1439
1439
1438
1438
1438
1437
1436
1435
1435
1434
1434
1434
1434
1433
1431
1431
1429
1429
1429
1427
1427
1426
1425
1424
1424
1423
1423
1423
1423
1422
1421
1419
1418
1418
1416
1415
1415
1414
1413
1413
1410
1407
1403
1402
1399
1397
1397
1396
1396
1393
1392
1392
1390
1389
1388
1388
1386
1384
1381
1381
1381
1379
1378
1377
1377
1376
1375
1374
1373
1372
1371
1370
1370
1369
1369
1368
1367
1367
1367
1366
1366
1365
1362
1362
1362
1362
1359
1359
1358
1356
1356
1355
1354
1352
1351
1350
1348
1347
1347
1346
1346
1344
1344
1342
1341
1339
1338
1337
1334
1332
1331
1331
1331
1330
1329
1327
1327
1326
1325
1323
1320
1319
1318
1318
1318
1318
1317
1316
1313
1313
1311
1310
1308
1308
1307
1305
1305
1305
1304
1304
1303
1302
1302
1300
1297
1297
1294
1294
1294
1293
1292
1291
1290
1290
1289
1289
1289
1289
1288
1286
1286
1285
1282
1280
1277
1275
1274
1273
1273
1272
1272
1270
1269
1268
1267
1267
1266
1265
1264
1263
1263
1263
1263
1262
1261
1259
1259
1258
1256
1254
1254
1253
1253
1252
1251
1250
1250
1248
1248
1248
1246
1242
1240
1240
1238
1237
1236
1235
1235
1235
1234
1233
1231
1230
1229
1228
1227
1225
1225
1225
1224
1222
1222
1221
1221
1220
1220
1219
1217
1217
1217
1217
1215
1215
1214
1213
1211
1210
1210
1209
1208
1208
1207
1207
1207
1203
1199
1199
1199
1198
1197
1196
1195
1195
1194
1192
1190
1190
1186
1185
1184
1182
1181
1181
1180
1180
1178
1176
1176
1173
1173
1173
1172
1170
1169
1169
1166
1166
1165
1164
1164
1162
1160
1160
1158
1158
1158
1154
1153
1152
1151
1150
1149
1149
1147
1146
1146
1146
1146
1146
1145
1145
1145
1145
1140
1140
1138
1137
1137
1136
1133
1133
1133
1131
1131
1131
1129
1127
1127
1126
1126
1126
1125
1124
1124
1124
1124
1123
1123
1122
1120
1118
1118
1117
1117
1116
1115
1115
1111
1111
1111
1111
1110
1109
1109
1106
1104
1103
1102
1101
1100
1100
1100
1099
1098
1097
1097
1096
1096
1096
1094
1093
1092
1092
1092
1090
1089
1087
1087
1086
1085
1085
1085
1083
1083
1082
1082
1081
1080
1080
1079
1076
1075
1074
1074
1073
1073
1071
1071
1070
1070
1070
1069
1068
1067
1065
1065
1064
1063
1060
1058
1057
1056
1056
1055
1054
1051
1051
1050
1050
1048
1047
1046
1045
1044
1043
1043
1042
1039
1039
1038
1036
1035
1034
1034
1034
1034
1033
1033
1031
1026
1025
1024
1021
1020
1019
1018
1017
1017
1014
1012
1012
1009
1009
1008
1008
1004
1003
1003
1001
1000
998
998
994
994
994
994
993
991
989
989
988
987
986
985
982
982
982
981
979
978
978
977
975
973
972
971
970
969
969
968
967
965
965
964
964
964
962
962
961
961
961
958
958
955
952
952
951
950
950
949
949
948
947
946
945
945
944
944
943
943
942
941
940
939
938
938
937
937
935
935
934
934
934
933
933
932
932
932
931
929
929
928
928
927
926
925
924
923
922
921
919
916
910
908
908
908
904
900
900
897
895
895
894
893
892
891
889
888
887
886
885
885
885
885
885
884
882
880
879
876
876
876
876
873
873
873
873
872
872
872
870
870
869
869
867
867
865
865
864
859
857
856
856
852
851
851
851
849
849
848
848
848
847
846
845
845
843
842
842
842
841
840
840
840
840
839
839
838
838
837
834
834
833
830
829
829
828
827
827
827
826
825
823
823
823
823
822
821
820
820
820
819
818
817
816
815
813
812
812
811
811
810
807
807
806
804
804
800
800
799
799
798
796
795
794
793
792
792
791
789
788
788
786
785
782
782
781
781
780
780
779
778
778
775
774
765
765
765
765
764
763
763
763
763
762
762
762
762
762
761
761
757
756
753
753
751
751
750
749
748
747
747
747
747
746
746
744
744
741
740
740
740
739
739
739
738
738
737
737
734
733
732
731
731
731
729
726
722
721
721
721
721
719
718
717
716
715
712
712
711
710
710
709
708
707
706
706
703
702
702
702
701
701
699
697
697
696
695
695
694
694
694
693
690
690
690
688
687
687
686
684
681
677
677
676
675
675
674
672
671
671
670
670
668
668
667
665
665
662
661
660
660
658
657
657
655
655
655
649
648
648
647
647
647
647
646
646
646
646
645
644
642
642
642
641
639
638
638
637
637
637
634
632
631
631
630
630
629
628
626
625
622
622
622
618
617
617
616
616
614
614
614
614
614
613
613
612
611
610
609
608
607
607
607
606
606
605
605
604
603
602
602
602
600
599
598
597
597
597
596
596
594
594
592
590
590
584
584
583
583
581
580
577
573
571
571
570
568
566
565
564
564
563
563
562
562
562
560
560
559
558
556
555
554
553
553
553
551
551
550
550
549
548
541
539
538
538
537
536
535
534
531
528
526
524
523
522
522
522
520
518
518
518
518
517
516
514
514
512
510
510
510
508
508
506
505
505
504
499
499
499
498
496
495
495
493
493
491
491
490
490
488
487
486
485
484
481
480
479
475
474
472
472
472
470
469
466
465
463
462
460
460
460
459
459
458
458
455
454
453
450
448
447
447
446
446
445
444
444
444
443
442
440
440
439
439
439
439
438
436
434
431
430
430
429
428
427
426
426
424
422
422
421
420
420
419
416
416
415
414
414
414
414
414
412
411
411
410
407
406
406
403
401
401
398
398
398
397
397
396
395
394
392
391
391
390
384
384
381
380
380
378
376
376
376
376
376
375
375
374
374
372
372
372
372
371
371
371
370
366
365
363
363
362
362
361
360
359
359
358
357
357
356
355
355
353
350
349
349
348
346
346
346
344
343
342
342
340
337
336
336
332
331
330
329
329
329
327
326
326
326
326
326
323
323
322
322
321
320
319
318
317
317
313
313
310
310
309
309
309
308
306
306
306
305
304
303
302
301
300
300
299
297
295
295
294
293
289
289
287
285
284
283
277
275
275
273
273
270
269
268
267
267
266
265
265
264
264
263
259
259
258
255
255
255
254
254
253
252
252
251
250
248
242
241
240
240
239
237
237
237
237
236
236
235
234
232
231
230
226
224
224
222
220
220
219
218
218
215
215
215
215
213
212
211
211
210
210
208
207
205
203
202
201
200
195
194
193
189
189
186
185
183
179
179
179
178
178
174
170
169
166
166
165
164
164
163
162
161
160
159
158
156
155
155
153
152
152
149
146
145
141
140
138
137
136
136
135
134
133
133
132
129
128
128
128
125
125
125
121
115
115
115
114
112
112
106
104
104
103
103
101
101
101
100
100
98
97
97
96
95
93
93
92
91
87
86
86
86
83
79
79
79
79
78
78
77
76
76
76
75
74
74
72
72
69
69
68
68
66
66
66
65
64
63
62
60
60
59
58
58
55
55
54
54
54
52
52
50
48
48
46
45
44
43
43
42
42
41
39
38
38
38
36
35
33
31
29
28
24
23
22
21
21
21
20
17
14
13
12
11
10
9
9
8
5
5
3
2
1
0
