0
1
2
3
5
5
8
9
9
10
11
12
13
14
17
20
21
21
21
22
23
24
28
29
31
33
35
36
38
38
38
39
41
42
42
43
43
44
45
46
48
48
50
52
52
54
54
54
55
55
58
58
59
60
60
62
63
64
65
66
66
66
68
68
69
69
72
72
74
74
75
76
76
76
77
78
78
79
79
79
79
83
86
86
86
87
91
92
93
93
95
96
97
97
98
100
100
101
101
101
103
103
104
104
106
112
112
114
115
115
115
121
125
125
125
128
128
128
129
132
133
133
134
135
136
136
137
138
140
141
145
146
149
152
152
153
155
155
156
158
159
160
161
162
163
164
164
165
166
166
169
170
174
178
178
179
179
179
183
185
186
189
189
193
194
195
200
201
202
203
205
207
208
210
210
211
211
212
213
215
215
215
215
218
218
219
220
220
222
224
224
226
230
231
232
234
235
236
236
237
237
237
237
239
240
240
241
242
248
250
251
252
252
253
254
254
255
255
255
258
259
259
263
264
264
265
265
266
267
267
268
269
270
273
273
275
275
277
283
284
285
287
289
289
293
294
295
295
297
299
300
300
301
302
303
304
305
306
306
306
308
309
309
309
310
310
313
313
317
317
318
319
320
321
322
322
323
323
326
326
326
326
326
327
329
329
329
330
331
332
336
336
337
340
342
342
343
344
346
346
346
348
349
349
350
353
355
355
356
357
357
358
359
359
360
361
362
362
363
363
365
366
370
371
371
371
372
372
372
372
374
374
375
375
376
376
376
376
376
378
380
380
381
384
384
390
391
391
392
394
395
396
397
397
398
398
398
401
401
403
406
406
407
410
411
411
412
414
414
414
414
414
415
416
416
419
420
420
421
422
422
424
426
426
427
428
429
430
430
431
434
436
438
439
439
439
439
440
440
442
443
444
444
444
445
446
446
447
447
448
450
453
454
455
458
458
459
459
460
460
460
462
463
465
466
469
470
472
472
472
474
475
479
480
481
484
485
486
487
488
490
490
491
491
493
493
495
495
496
498
499
499
499
504
505
505
506
508
508
510
510
510
512
514
514
516
517
518
518
518
518
520
522
522
522
523
524
526
528
531
534
535
536
537
538
538
539
541
548
549
550
550
551
551
553
553
553
554
555
556
558
559
560
560
562
562
562
563
563
564
564
565
566
568
570
571
571
573
577
580
581
583
583
584
584
590
590
592
594
594
596
596
597
597
597
598
599
600
602
602
602
603
604
605
605
606
606
607
607
607
608
609
610
611
612
613
613
614
614
614
614
614
616
616
617
617
618
622
622
622
625
626
628
629
630
630
631
631
632
634
637
637
637
638
638
639
641
642
642
642
644
645
646
646
646
646
647
647
647
647
648
648
649
655
655
655
657
657
658
660
660
661
662
665
665
667
668
668
670
670
671
671
672
674
675
675
676
677
677
681
684
686
687
687
688
690
690
690
693
694
694
694
695
695
696
697
697
699
701
701
702
702
702
703
706
706
707
708
709
710
710
711
712
712
715
716
717
718
719
721
721
721
721
722
726
729
731
731
731
732
733
734
737
737
738
738
739
739
739
740
740
740
741
744
744
746
746
747
747
747
747
748
749
750
751
751
753
753
756
757
761
761
762
762
762
762
762
763
763
763
763
764
765
765
765
765
774
775
778
778
779
780
780
781
781
782
782
785
786
788
788
789
791
792
792
793
794
795
796
798
799
799
800
800
804
804
806
807
807
810
811
811
812
812
813
815
816
817
818
819
820
820
820
821
822
823
823
823
823
825
826
827
827
827
828
829
829
830
833
834
834
837
838
838
839
839
840
840
840
840
841
842
842
842
843
845
845
846
847
848
848
848
849
849
851
851
851
852
856
856
857
859
864
865
865
867
867
869
869
870
870
872
872
872
873
873
873
873
876
876
876
876
879
880
882
884
885
885
885
885
885
886
887
888
889
891
892
893
894
895
895
897
900
900
904
908
908
908
910
916
919
921
922
923
924
925
926
927
928
928
929
929
931
932
932
932
933
933
934
934
934
935
935
937
937
938
938
939
940
941
942
943
943
944
944
945
945
946
947
948
949
949
950
950
951
952
952
955
958
958
961
961
961
962
962
964
964
964
965
965
967
968
969
969
970
971
972
973
975
977
978
978
979
981
982
982
982
985
986
987
988
989
989
991
993
994
994
994
994
998
998
1000
1001
1003
1003
1004
1008
1008
1009
1009
1012
1012
1014
1017
1017
1018
1019
1020
1021
1024
1025
1026
1031
1033
1033
1034
1034
1034
1034
1035
1036
1038
1039
1039
1042
1043
1043
1044
1045
1046
1047
1048
1050
1050
1051
1051
1054
1055
1056
1056
1057
1058
1060
1063
1064
1065
1065
1067
1068
1069
1070
1070
1070
1071
1071
1073
1073
1074
1074
1075
1076
1079
1080
1080
1081
1082
1082
1083
1083
1085
1085
1085
1086
1087
1087
1089
1090
1092
1092
1092
1093
1094
1096
1096
1096
1097
1097
1098
1099
1100
1100
1100
1101
1102
1103
1104
1106
1109
1109
1110
1111
1111
1111
1111
1115
1115
1116
1117
1117
1118
1118
1120
1122
1123
1123
1124
1124
1124
1124
1125
1126
1126
1126
1127
1127
1129
1131
1131
1131
1133
1133
1133
1136
1137
1137
1138
1140
1140
1145
1145
1145
1145
1146
1146
1146
1146
1146
1147
1149
1149
1150
1151
1152
1153
1154
1158
1158
1158
1160
1160
1162
1164
1164
1165
1166
1166
1169
1169
1170
1172
1173
1173
1173
1176
1176
1178
1180
1180
1181
1181
1182
1184
1185
1186
1190
1190
1192
1194
1195
1195
1196
1197
1198
1199
1199
1199
1203
1207
1207
1207
1208
1208
1209
1210
1210
1211
1213
1214
1215
1215
1217
1217
1217
1217
1219
1220
1220
1221
1221
1222
1222
1224
1225
1225
1225
1227
1228
1229
1230
1231
1233
1234
1235
1235
1235
1236
1237
1238
1240
1240
1242
1246
1248
1248
1248
1250
1250
1251
1252
1253
1253
1254
1254
1256
1258
1259
1259
1261
1262
1263
1263
1263
1263
1264
1265
1266
1267
1267
1268
1269
1270
1272
1272
1273
1273
1274
1275
1277
1280
1282
1285
1286
1286
1288
1289
1289
1289
1289
1290
1290
1291
1292
1293
1294
1294
1294
1297
1297
1300
1302
1302
1303
1304
1304
1305
1305
1305
1307
1308
1308
1310
1311
1313
1313
1316
1317
1318
1318
1318
1318
1319
1320
1323
1325
1326
1327
1327
1329
1330
1331
1331
1331
1332
1334
1337
1338
1339
1341
1342
1344
1344
1346
1346
1347
1347
1348
1350
1351
1352
1354
1355
1356
1356
1358
1359
1359
1362
1362
1362
1362
1365
1366
1366
1367
1367
1367
1368
1369
1369
1370
1370
1371
1372
1373
1374
1375
1376
1377
1377
1378
1379
1381
1381
1381
1384
1386
1388
1388
1389
1390
1392
1392
1393
1396
1396
1397
1397
1399
1402
1403
1407
1410
1413
1413
1414
1415
1415
1416
1418
1418
1419
1421
1422
1423
1423
1423
1423
1424
1424
1425
1426
1427
1427
1429
1429
1429
1431
1431
1433
1434
1434
1434
1434
1435
1435
1436
1437
1438
1438
1438
1439
1439
1440
1440
1442
1442
1446
1448
1450
1450
1451
1451
1453
1453
1453
1454
1455
1455
1456
1458
1462
1462
1462
1464
1466
1467
1468
1469
1469
1469
1469
1473
1473
1473
1474
1474
1475
1476
1477
1477
1478
1481
1483
1484
1485
1486
1486
1488
1489
1489
1490
1491
1493
1497
1498
1498
1499
1499
1506
1506
1506
1506
1507
1507
1510
1511
1513
1514
1516
1521
1521
1524
1525
1526
1526
1528
1530
1531
1531
1531
1532
1533
1533
1534
1535
1536
1536
1539
1541
1542
1542
1543
1543
1544
1544
1545
1545
1548
1554
1555
1555
1556
1556
1557
1557
1557
1560
1561
1561
1561
1562
1565
1565
1569
1571
1572
1572
1575
1577
1577
1578
1579
1579
1582
1582
1585
1585
1588
1589
1590
1591
1592
1593
1593
1594
1595
1598
1600
1601
1604
1606
1607
1608
1609
1609
1614
1614
1616
1616
1617
1619
1620
1623
1624
1627
1629
1630
1631
1631
1631
1633
1633
1633
1633
1634
1634
1635
1635
1635
1636
1636
1637
1639
1640
1640
1643
1644
1644
1645
1645
1646
1650
1651
1652
1652
1654
1655
1656
1657
1657
1660
1661
1663
1664
1664
1665
1667
1667
1668
1670
1671
1671
1674
1675
1680
1681
1682
1682
1683
1683
1683
1684
1685
1688
1692
1693
1693
1693
1694
1694
1694
1695
1695
1697
1697
1698
1698
1700
1701
1702
1711
1715
1717
1717
1717
1719
1720
1720
1721
1724
1725
1725
1726
1726
1726
1726
1728
1730
1730
1731
1731
1732
1733
1734
1735
1735
1735
1737
1737
1742
1742
1745
1746
1746
1747
1748
1750
1752
1752
1754
1755
1756
1757
1758
1759
1761
1761
1762
1762
1765
1765
1766
1766
1767
1769
1772
1774
1777
1779
1779
1779
1780
1784
1785
1785
1787
1789
1789
1790
1790
1791
1792
1792
1792
1794
1794
1795
1797
1797
1797
1801
1801
1805
1806
1806
1806
1807
1808
1809
1809
1810
1810
1812
1812
1813
1813
1814
1814
1815
1815
1816
1816
1818
1818
1819
1820
1820
1821
1822
1824
1824
1825
1826
1826
1828
1828
1829
1829
1833
1834
1836
1836
1837
1837
1837
1839
1839
1840
1840
1841
1841
1842
1844
1846
1847
1847
1847
1848
1848
1848
1850
1852
1852
1853
1853
1853
1855
1860
1863
1863
1863
1864
1864
1864
1867
1868
1869
1871
1871
1871
1872
1875
1875
1877
1878
1879
1881
1882
1882
1882
1883
1884
1884
1885
1885
1886
1888
1893
1894
1894
1895
1896
1896
1897
1898
1899
1901
1902
1902
1904
1905
1906
1907
1908
1908
1912
1913
1913
1915
1916
1917
1918
1918
1919
1920
1921
1921
1922
1923
1923
1923
1924
1925
1929
1930
1931
1931
1933
1934
1935
1935
1937
1939
1939
1939
1940
1941
1942
1943
1945
1945
1946
1946
1946
1949
1949
1951
1953
1954
1954
1954
1956
1956
1959
1959
1959
1960
1960
1960
1960
1962
1964
1968
1968
1968
1969
1970
1971
1972
1972
1973
1974
1974
1974
1975
1975
1977
1980
1981
1981
1982
1982
1984
1985
1986
1987
1987
1988
1989
1989
1992
1992
1993
1993
1995
1996
1996
1997
1997
1998
1998
2000
2001
2002
2003
2004
2005
2006
2008
2011
2013
2013
2016
2018
2019
2020
2025
2025
2026
2027
2027
2027
2027
2029
2029
2030
2030
2032
2032
2032
2033
2033
2033
2033
2033
2033
2033
2036
2038
2041
2041
2043
2044
2044
2044
2045
2045
2046
2047
2048
2048
2049
2051
2051
2052
2052
2053
2053
2053
2055
2057
2058
2059
2060
2061
2061
2063
2064
2064
2066
2067
2067
2067
2068
2069
2070
2070
2075
2077
2077
2078
2080
2083
2083
2084
2085
2086
2088
2088
2089
2089
2091
2093
2095
2096
2096
2096
2099
2100
2101
2102
2105
2107
2108
2111
2111
2111
2112
2112
2115
2116
2118
2118
2118
2119
2120
2123
2123
2125
2127
2128
2128
2131
2131
2132
2134
2134
2136
2136
2138
2138
2139
2139
2139
2140
2142
2142
2143
2144
2145
2147
2147
2149
2150
2152
2153
2154
2154
2154
2155
2156
2156
2157
2157
2157
2162
2163
2163
2164
2165
2165
2166
2166
2166
2166
2167
2167
2168
2170
2170
2171
2172
2172
2173
2173
2174
2174
2175
2176
2183
2184
2185
2187
2187
2187
2188
2189
2190
2190
2191
2191
2194
2195
2197
2198
2198
2199
2199
2200
2200
2201
2201
2202
2202
2204
2204
2206
2207
2207
2209
2211
2211
2212
2215
2219
2220
2221
2222
2222
2225
2225
2226
2227
2227
2228
2229
2230
2231
2231
2232
2234
2235
2235
2237
2238
2238
2239
2239
2240
2240
2240
2241
2244
2244
2247
2248
2248
2249
2249
2250
2250
2250
2251
2252
2252
2254
2255
2256
2257
2258
2260
2260
2260
2262
2263
2263
2264
2265
2265
2266
2266
2268
2268
2271
2271
2271
2273
2278
2278
2279
2279
2280
2282
2282
2283
2284
2285
2286
2286
2290
2290
2291
2291
2291
2292
2292
2295
2296
2296
2296
2298
2300
2301
2302
2304
2306
2306
2308
2308
2312
2315
2315
2316
2316
2317
2317
2318
2318
2320
2320
2322
2323
2324
2326
2327
2327
2329
2330
2331
2331
2332
2334
2334
2334
2335
2335
2335
2338
2339
2340
2340
2342
2342
2343
2343
2344
2346
2346
2347
2347
2348
2349
2350
2350
2351
2351
2353
2353
2354
2356
2356
2356
2356
2357
2359
2360
2360
2361
2364
2364
2364
2366
2367
2369
2370
2371
2371
2371
2372
2374
2377
2378
2379
2380
2380
2381
2382
2383
2385
2386
2386
2386
2387
2388
2389
2390
2390
2390
2391
2392
2393
2397
2399
2403
2403
2404
2406
2406
2408
2409
2409
2410
2410
2412
2412
2415
2415
2416
2416
2416
2417
2417
2417
2417
2418
2418
2419
2419
2420
2421
2421
2421
2422
2423
2423
2425
2426
2428
2435
2436
2436
2436
2438
2438
2441
2442
2444
2444
2444
2445
2445
2445
2446
2447
2448
2448
2448
2450
2451
2451
2451
2452
2453
2454
2455
2455
2456
2457
2457
2457
2459
2459
2460
2461
2461
2461
2463
2465
2466
2466
2467
2467
2468
2469
2470
2470
2471
2472
2472
2472
2473
2474
2474
2475
2475
2476
2478
2480
2480
2480
2482
2483
2486
2489
2489
2489
2491
2491
2492
2493
2495
2495
2496
2500
2501
2501
2502
2502
2502
2504
2507
2508
2510
2511
2512
2513
2513
2515
2519
2519
2520
2522
2524
2525
2525
2525
2526
2526
2526
2527
2530
2530
2531
2531
2533
2533
2533
2534
2535
2536
2536
2538
2540
2540
2541
2541
2542
2542
2545
2545
2547
2547
2548
2548
2552
2555
2555
2556
2559
2560
2560
2560
2561
2561
2561
2563
2564
2565
2565
2566
2567
2567
2568
2569
2569
2570
2571
2571
2571
2572
2573
2574
2575
2576
2576
2576
2577
2580
2583
2584
2585
2585
2586
2586
2587
2589
2589
2591
2591
2591
2592
2594
2594
2595
2597
2597
2599
2599
2603
2603
2605
2605
2606
2606
2609
2610
2610
2611
2612
2612
2612
2614
2614
2615
2617
2618
2618
2619
2619
2620
2623
2624
2626
2626
2626
2628
2629
2630
2631
2631
2633
2634
2634
2636
2636
2636
2638
2638
2639
2639
2640
2640
2640
2642
2642
2643
2644
2647
2648
2650
2650
2651
2652
2654
2657
2657
2657
2660
2662
2662
2663
2663
2663
2664
2665
2669
2670
2671
2672
2672
2673
2676
2676
2677
2681
2681
2681
2682
2685
2686
2686
2686
2687
2687
2687
2689
2689
2690
2691
2691
2692
2699
2700
2700
2700
2701
2702
2704
2705
2705
2705
2707
2708
2708
2709
2710
2710
2710
2711
2712
2712
2712
2712
2713
2713
2714
2715
2716
2716
2716
2717
2717
2717
2718
2719
2719
2719
2721
2721
2723
2723
2724
2727
2728
2728
2730
2730
2732
2732
2741
2741
2742
2744
2744
2744
2745
2746
2749
2750
2751
2753
2754
2755
2755
2757
2758
2761
2763
2764
2765
2765
2766
2767
2767
2768
2768
2771
2771
2772
2773
2773
2774
2776
2777
2777
2781
2782
2783
2784
2785
2786
2788
2790
2791
2791
2792
2792
2795
2796
2799
2800
2801
2804
2807
2807
2807
2807
2808
2808
2810
2810
2810
2811
2813
2814
2814
2815
2816
2816
2816
2816
2817
2818
2819
2820
2820
2820
2821
2822
2822
2824
2825
2826
2827
2827
2827
2828
2829
2830
2831
2832
2833
2834
2834
2835
2837
2837
2840
2841
2844
2844
2844
2846
2846
2848
2850
2850
2851
2853
2853
2855
2856
2857
2859
2862
2862
2863
2864
2865
2865
2866
2868
2871
2871
2872
2873
2875
2876
2876
2876
2876
2877
2879
2879
2880
2880
2881
2882
2883
2883
2885
2885
2886
2886
2888
2890
2890
2890
2892
2892
2896
2896
2897
2899
2899
2901
2902
2903
2906
2906
2908
2909
2909
2910
2914
2914
2916
2923
2923
2924
2925
2925
2928
2928
2930
2931
2932
2933
2934
2934
2935
2936
2936
2937
2938
2938
2938
2939
2939
2940
2941
2941
2942
2943
2944
2945
2945
2946
2946
2948
2950
2950
2951
2952
2952
2954
2954
2955
2955
2956
2956
2957
2958
2958
2959
2961
2962
2963
2963
2964
2964
2965
2966
2967
2967
2967
2969
2970
2971
2975
2976
2976
2976
2980
2981
2981
2983
2984
2985
2987
2988
2989
2990
2990
2992
2993
2995
2995
2996
2996
2996
2996
2996
2997
2997
2997
3000
3003
3005
3006
3009
3009
3010
3011
3011
3012
3012
3013
3014
3016
3017
3017
3019
3020
3021
3022
3022
3023
3023
3024
3026
3026
3027
3031
3032
3034
3035
3035
3035
3036
3037
3038
3039
3039
3039
3040
3040
3043
3044
3046
3046
3047
3049
3049
3051
3051
3051
3052
3052
3054
3054
3056
3056
3056
3057
3057
3058
3058
3060
3060
3060
3062
3063
3063
3064
3065
3066
3067
3070
3071
3071
3072
3073
3073
3074
3074
3075
3075
3077
3080
3081
3082
3082
3083
3084
3085
3085
3086
3086
3088
3089
3089
3089
3090
3090
3092
3098
3099
3099
3100
3101
3102
3104
3105
3105
3105
3106
3107
3108
3110
3110
3111
3112
3112
3113
3113
3114
3114
3115
3116
3116
3118
3118
3120
3120
3120
3121
3121
3122
3123
3123
3124
3124
3124
3124
3125
3126
3128
3133
3133
3133
3133
3134
3135
3135
3136
3137
3137
3137
3137
3137
3138
3140
3142
3142
3142
3143
3144
3145
3145
3145
3146
3148
3149
3151
3151
3152
3155
3155
3157
3159
3161
3161
3161
3162
3163
3164
3166
3166
3167
3168
3169
3170
3171
3173
3173
3174
3174
3176
3178
3179
3179
3180
3181
3181
3181
3182
3183
3183
3185
3185
3185
3187
3187
3190
3190
3191
3192
3193
3194
3198
3200
3203
3204
3207
3209
3210
3215
3215
3217
3218
3218
3218
3219
3219
3219
3221
3225
3226
3227
3228
3230
3232
3232
3233
3234
3235
3236
3237
3237
3239
3240
3240
3241
3242
3242
3242
3243
3246
3246
3247
3249
3249
3249
3250
3251
3251
3252
3252
3252
3252
3253
3255
3255
3255
3256
3256
3258
3259
3259
3260
3260
3261
3261
3261
3262
3262
3262
3263
3264
3266
3266
3268
3272
3273
3273
3274
3276
3278
3280
3280
3281
3281
3281
3281
3282
3282
3283
3283
3283
3283
3284
3288
3290
3290
3295
3295
3296
3297
3300
3301
3303
3303
3304
3304
3304
3304
3304
3309
3310
3311
3312
3312
3312
3313
3313
3314
3315
3318
3318
3318
3320
3321
3321
3321
3321
3324
3326
3326
3326
3327
3329
3329
3330
3333
3335
3335
3339
3339
3342
3342
3343
3344
3344
3345
3345
3346
3347
3348
3349
3349
3351
3351
3352
3352
3352
3354
3354
3356
3358
3359
3361
3365
3365
3365
3365
3365
3366
3366
3369
3369
3371
3372
3372
3372
3372
3373
3375
3375
3376
3377
3377
3378
3378
3380
3380
3381
3382
3383
3384
3385
3385
3385
3387
3389
3389
3390
3391
3391
3391
3392
3393
3395
3395
3395
3396
3398
3398
3398
3399
3403
3403
3403
3403
3404
3404
3406
3406
3407
3407
3407
3408
3409
3409
3410
3412
3412
3412
3412
3412
3414
3414
3419
3420
3421
3423
3425
3426
3426
3428
3429
3429
3429
3430
3431
3432
3433
3433
3434
3434
3435
3437
3437
3438
3439
3439
3439
3441
3441
3443
3444
3444
3446
3447
3447
3448
3449
3453
3453
3454
3455
3458
3459
3460
3464
3465
3466
3466
3467
3468
3468
3469
3469
3469
3470
3471
3472
3473
3474
3475
3475
3477
3482
3482
3482
3485
3485
3489
3490
3490
3492
3492
3495
3495
3496
3499
3502
3503
3503
3504
3507
3508
3509
3510
3511
3512
3514
3514
3515
3516
3516
3516
3517
3517
3517
3518
3519
3520
3521
3521
3523
3524
3526
3526
3527
3527
3527
3527
3528
3530
3530
3533
3533
3534
3537
3537
3539
3540
3540
3544
3545
3545
3547
3548
3551
3552
3552
3554
3555
3556
3559
3559
3560
3563
3563
3563
3565
3566
3566
3567
3568
3569
3570
3570
3572
3572
3573
3574
3577
3578
3579
3580
3580
3583
3583
3585
3585
3585
3586
3586
3589
3589
3589
3589
3589
3589
3591
3595
3596
3596
3597
3599
3601
3602
3602
3602
3603
3603
3605
3606
3606
3608
3609
3610
3611
3612
3615
3615
3618
3618
3619
3619
3619
3619
3621
3621
3622
3622
3622
3623
3624
3625
3626
3627
3629
3629
3629
3630
3632
3632
3633
3634
3636
3636
3636
3638
3638
3639
3642
3643
3644
3644
3645
3646
3648
3649
3650
3650
3651
3651
3652
3652
3653
3654
3655
3655
3657
3658
3658
3658
3659
3659
3661
3662
3662
3670
3671
3672
3674
3674
3676
3676
3677
3677
3678
3678
3679
3680
3682
3682
3683
3684
3684
3684
3685
3685
3686
3686
3688
3689
3690
3690
3690
3690
3690
3691
3692
3692
3694
3695
3695
3696
3699
3702
3702
3702
3702
3703
3703
3704
3706
3707
3707
3708
3709
3714
3714
3714
3715
3715
3716
3716
3716
3717
3719
3722
3722
3724
3724
3724
3725
3725
3725
3725
3727
3728
3730
3730
3730
3734
3735
3737
3739
3739
3739
3739
3740
3741
3741
3741
3742
3742
3743
3743
3744
3744
3745
3745
3746
3746
3748
3748
3749
3750
3750
3752
3753
3755
3755
3758
3759
3760
3760
3760
3761
3764
3764
3765
3766
3766
3768
3769
3770
3773
3774
3775
3776
3777
3778
3780
3781
3782
3782
3782
3784
3785
3785
3787
3790
3791
3792
3793
3793
3795
3799
3799
3800
3800
3802
3803
3803
3804
3805
3806
3806
3806
3806
3808
3809
3809
3809
3810
3811
3812
3816
3816
3817
3817
3819
3820
3821
3823
3824
3827
3828
3828
3834
3836
3839
3841
3842
3842
3843
3844
3845
3846
3846
3847
3849
3850
3851
3852
3854
3854
3855
3855
3856
3857
3857
3858
3861
3861
3862
3863
3863
3864
3864
3867
3867
3868
3868
3869
3870
3874
3874
3875
3875
3876
3876
3876
3878
3879
3879
3879
3880
3882
3883
3885
3886
3887
3887
3888
3889
3890
3890
3892
3892
3895
3896
3896
3897
3898
3899
3900
3900
3900
3901
3901
3903
3903
3906
3907
3908
3908
3910
3911
3911
3913
3913
3915
3917
3917
3918
3918
3920
3921
3921
3922
3923
3923
3924
3924
3924
3924
3925
3927
3927
3929
3930
3931
3934
3935
3935
3936
3937
3944
3945
3945
3946
3947
3947
3948
3949
3949
3950
3950
3950
3952
3952
3954
3954
3954
3956
3956
3956
3957
3958
3958
3960
3960
3961
3962
3966
3966
3966
3966
3967
3968
3969
3969
3970
3970
3975
3977
3978
3978
3980
3983
3986
3986
3986
3987
3988
3989
3991
3991
3993
3994
3994
3994
3996
3997
3998
3998
3999
4000
4002
4002
4002
4003
4004
4004
4005
4006
4008
4009
4009
4010
4011
4011
4012
4015
4015
4016
4017
4018
4018
4019
4020
4020
4021
4021
4022
4023
4027
4027
4028
4028
4028
4029
4030
4032
4033
4033
4035
4035
4039
4039
4041
4045
4046
4047
4047
4047
4049
4049
4049
4052
4054
4054
4054
4057
4057
4058
4058
4060
4061
4061
4064
4064
4064
4064
4066
4066
4069
4073
4074
4074
4074
4074
4075
4076
4077
4079
4081
4082
4083
4083
4085
4085
4086
4086
4087
4088
4090
4090
4092
4092
4092
4094
4094
4096
4098
4099
4099
4099
4102
4104
4105
4107
4110
4110
4111
4112
4112
4113
4113
4114
4114
4115
4116
4116
4117
4119
4119
4119
4121
4123
4123
4127
4127
4127
4129
4130
4130
4130
4131
4133
4133
4135
4137
4138
4140
4140
4140
4140
4140
4141
4141
4142
4144
4144
4147
4150
4150
4151
4152
4153
4154
4154
4155
4155
4156
4156
4156
4158
4158
4159
4163
4164
4164
4164
4165
4167
4167
4168
4168
4170
4173
4174
4175
4177
4180
4181
4181
4181
4182
4183
4184
4184
4184
4184
4185
4187
4187
4188
4189
4190
4190
4191
4196
4197
4197
4198
4199
4200
4203
4204
4204
4204
4204
4205
4206
4209
4209
4211
4213
4214
4215
4215
4216
4218
4221
4221
4221
4222
4222
4223
4223
4225
4225
4226
4227
4230
4231
4231
4232
4232
4232
4232
4233
4234
4235
4237
4237
4238
4241
4241
4241
4242
4243
4244
4244
4245
4247
4249
4249
4250
4251
4252
4253
4254
4255
4257
4257
4257
4259
4262
4262
4262
4264
4265
4267
4268
4268
4268
4270
4270
4271
4271
4274
4276
4276
4280
4280
4280
4280
4282
4282
4282
4284
4285
4285
4287
4288
4288
4291
4292
4292
4292
4293
4293
4294
4294
4295
4295
4296
4297
4299
4304
4304
4304
4306
4306
4307
4308
4309
4309
4311
4312
4312
4312
4313
4315
4316
4320
4323
4323
4326
4326
4327
4332
4333
4336
4337
4337
4340
4340
4340
4341
4344
4345
4345
4345
4346
4346
4348
4349
4350
4350
4351
4351
4353
4357
4357
4359
4360
4360
4362
4364
4367
4368
4370
4370
4371
4371
4371
4372
4372
4373
4374
4374
4375
4375
4377
4378
4379
4380
4381
4383
4383
4386
4387
4387
4388
4388
4389
4390
4391
4391
4392
4394
4395
4395
4396
4396
4398
4398
4399
4400
4401
4402
4403
4403
4404
4404
4404
4405
4406
4406
4407
4408
4409
4410
4410
4412
4412
4412
4413
4417
4417
4417
4418
4418
4420
4421
4421
4421
4423
4424
4424
4425
4425
4425
4428
4428
4429
4432
4433
4433
4435
4435
4436
4440
4441
4441
4441
4444
4444
4445
4448
4448
4448
4449
4449
4450
4450
4451
4452
4453
4453
4454
4457
4457
4459
4460
4460
4460
4461
4468
4469
4469
4469
4470
4472
4473
4473
4475
4475
4475
4477
4477
4477
4477
4481
4483
4483
4485
4486
4486
4487
4488
4488
4490
4490
4492
4492
4493
4493
4495
4496
4498
4499
4499
4502
4502
4502
4503
4504
4505
4506
4506
4506
4506
4508
4508
4509
4510
4510
4511
4512
4512
4515
4516
4516
4516
4518
4519
4519
4519
4519
4521
4521
4521
4522
4522
4522
4523
4524
4526
4527
4529
4530
4530
4532
4532
4532
4532
4533
4533
4534
4534
4534
4535
4538
4539
4539
4540
4540
4540
4541
4542
4542
4543
4544
4545
4545
4547
4548
4549
4553
4553
4554
4556
4557
4557
4559
4560
4560
4562
4564
4565
4565
4566
4566
4567
4569
4570
4571
4571
4571
4571
4573
4573
4576
4577
4577
4578
4578
4578
4579
4580
4580
4583
4586
4586
4588
4590
4591
4592
4594
4594
4595
4597
4598
4599
4599
4600
4600
4601
4601
4601
4602
4602
4603
4604
4605
4606
4606
4607
4608
4609
4610
4611
4612
4613
4613
4614
4616
4617
4617
4617
4618
4618
4619
4619
4619
4620
4620
4621
4622
4623
4624
4625
4625
4628
4628
4631
4632
4633
4633
4633
4635
4635
4636
4636
4636
4637
4639
4639
4641
4642
4643
4643
4643
4646
4647
4648
4649
4650
4651
4651
4651
4652
4656
4658
4658
4660
4662
4662
4664
4667
4668
4670
4670
4671
4672
4674
4674
4679
4680
4681
4682
4682
4683
4683
4684
4685
4685
4686
4686
4686
4687
4688
4688
4690
4691
4691
4691
4691
4691
4691
4692
4693
4694
4697
4697
4698
4699
4701
4701
4701
4702
4703
4703
4703
4706
4708
4708
4709
4709
4709
4710
4710
4712
4712
4715
4716
4716
4716
4716
4717
4717
4717
4719
4719
4720
4720
4723
4723
4723
4724
4724
4725
4726
4729
4730
4730
4731
4732
4732
4734
4734
4734
4735
4737
4738
4739
4740
4740
4742
4744
4747
4747
4750
4751
4753
4754
4755
4756
4756
4756
4757
4759
4764
4766
4766
4767
4769
4770
4771
4771
4773
4773
4773
4774
4775
4776
4777
4777
4778
4780
4780
4781
4784
4784
4784
4784
4785
4788
4788
4789
4793
4795
4795
4795
4796
4797
4799
4800
4801
4801
4803
4804
4804
4805
4807
4807
4807
4808
4808
4808
4808
4809
4811
4811
4813
4813
4813
4814
4815
4816
4816
4820
4821
4821
4822
4823
4823
4824
4824
4825
4827
4829
4829
4830
4830
4831
4831
4833
4834
4834
4838
4839
4839
4840
4844
4846
4846
4847
4848
4848
4848
4850
4851
4851
4852
4853
4853
4858
4863
4863
4863
4864
4864
4864
4864
4865
4865
4865
4866
4866
4866
4869
4874
4874
4874
4877
4879
4880
4882
4883
4883
4884
4885
4885
4886
4887
4887
4888
4888
4889
4889
4889
4890
4890
4890
4891
4891
4892
4893
4894
4894
4895
4897
4897
4898
4898
4899
4899
4901
4909
4909
4910
4911
4913
4914
4915
4915
4916
4917
4918
4918
4919
4922
4923
4924
4928
4931
4934
4934
4935
4935
4935
4936
4937
4937
4939
4941
4941
4942
4942
4943
4945
4949
4949
4951
4953
4954
4955
4955
4956
4956
4957
4957
4959
4959
4960
4960
4961
4962
4963
4965
4966
4966
4966
4967
4967
4968
4968
4969
4969
4969
4971
4973
4973
4974
4975
4977
4977
4983
4983
4986
4987
4987
4987
4988
4988
4988
4988
4989
4989
4992
4994
4995
4997
4997
4999
4999
4999
